1.06167e+09
1.21955e+09
7.48845e+08
1.30185e+09
1.74964e+09
7.70144e+08
1.89788e+09
1.14811e+09
1.6276e+08
2.04325e+09
1.53409e+09
9.29508e+07
7.94715e+07
3.27258e+08
1.60882e+09
2.0402e+09
4.08996e+08
1.39081e+09
5.49445e+08
9.01932e+08
3.19721e+08
7.78512e+08
1.97029e+09
1.91386e+09
1.94371e+09
8.92676e+08
5.39565e+08
5.6084e+08
1.93984e+09
1.10555e+09
6.96497e+08
8.54026e+08
1.7761e+08
1.44534e+09
8.39704e+06
1.92725e+09
6.80022e+07
1.90628e+09
9.27883e+08
2.30762e+08
1.80204e+09
3.14485e+08
3.23713e+08
1.88152e+09
6.41743e+08
1.93253e+09
1.77423e+09
1.05074e+09
1.17585e+09
1.76195e+08
1.95267e+09
1.49558e+09
9.54707e+08
1.77548e+09
1.26196e+09
7.50937e+08
5.20672e+08
1.80152e+09
1.31178e+09
3.13024e+08
7.59586e+08
2.00827e+09
1.16705e+09
9.37196e+08
1.30613e+09
1.17545e+09
7.16966e+08
1.37414e+09
9.34242e+08
1.64485e+09
1.6049e+09
5.88803e+08
1.95933e+09
1.92861e+09
3.22836e+08
4.53594e+08
1.71366e+09
2.09707e+09
1.50433e+09
7.42028e+08
1.25782e+08
1.30952e+09
9.01207e+07
1.08049e+09
9.37516e+08
1.35208e+09
1.83143e+09
1.45819e+09
1.00611e+09
9.9572e+08
1.77121e+09
1.7657e+09
8.56511e+08
7.90779e+08
5.55412e+08
1.51607e+07
1.96623e+09
1.27238e+09
1.3893e+09
7.52985e+08
