7.69745e+08
8.46711e+08
1.34179e+09
5.81595e+08
6.27838e+08
1.66462e+09
1.03519e+09
1.94012e+08
1.61421e+09
3.92038e+08
9.3604e+08
1.73999e+09
1.70156e+09
1.02616e+09
6.72997e+08
4.91591e+08
2.30754e+08
3.5694e+08
1.94978e+09
1.23687e+09
1.35266e+09
1.57351e+09
8.55084e+08
6.16864e+07
2.16803e+08
1.4105e+09
7.68471e+07
3.55462e+07
5.35392e+08
1.46614e+09
7.88531e+08
1.30514e+09
1.65371e+08
2.13032e+09
1.88673e+09
7.93209e+08
1.64746e+09
7.74437e+08
9.87221e+08
1.11419e+09
1.16648e+09
1.92326e+09
7.06696e+08
7.2055e+08
8.01938e+08
1.37969e+09
1.21214e+09
1.03269e+09
1.73663e+09
1.01444e+09
1.22077e+08
9.41809e+08
4.40461e+08
9.77162e+08
1.0035e+09
6.57264e+08
2.40175e+08
1.08034e+09
6.92811e+08
7.75567e+08
3.99002e+08
1.48134e+09
2.0807e+09
5.64373e+08
1.46418e+09
1.81995e+09
1.35758e+09
9.64155e+08
4.46905e+08
1.97319e+08
2.07834e+09
1.61338e+09
2.12058e+09
6.37555e+08
1.86447e+08
7.75035e+08
2.01725e+09
1.39859e+09
1.80773e+09
1.6064e+09
2.65542e+08
1.92981e+09
4.00723e+08
7.06002e+08
7.59483e+08
1.40422e+09
1.36327e+09
9.99658e+08
3.37077e+08
2.05608e+09
1.77522e+09
7.36079e+08
1.38994e+09
1.70844e+09
1.30045e+09
7.0663e+08
1.38091e+09
5.1055e+08
1.67078e+09
1.82782e+09
7.07868e+08
1.60164e+09
1.29371e+09
6.80965e+08
9.17141e+07
1.48016e+09
1.456e+09
2.10896e+09
7.31265e+08
1.11624e+09
1.56788e+09
9.96807e+08
8.98565e+08
1.9686e+09
1.70281e+09
1.65805e+09
1.22533e+09
9.18592e+08
5.10223e+08
1.56241e+09
8.27186e+08
1.37964e+08
1.51007e+08
6.96379e+07
1.84641e+09
1.45146e+09
7.76268e+08
1.07984e+09
1.96201e+09
2.99568e+08
7.60169e+08
5.22393e+08
1.90121e+09
2.05388e+09
1.20336e+09
1.99293e+09
1.38656e+09
5.11874e+08
1.9544e+09
2.11782e+09
1.62812e+09
1.3748e+09
9.67146e+08
3.79199e+08
1.19591e+09
5.22472e+08
2.03725e+09
2.73764e+08
1.44106e+09
3.99988e+08
1.83618e+09
1.20767e+08
5.37952e+08
1.98718e+09
1.90405e+08
2.36877e+08
1.29116e+09
9.66672e+08
1.31671e+09
1.10568e+09
1.26624e+09
2.07688e+09
1.62807e+09
1.01997e+09
1.98328e+09
6.83948e+08
8.65409e+08
1.22235e+09
1.19582e+09
6.7233e+08
1.19269e+09
6.76456e+08
2.04713e+09
1.23562e+07
1.05565e+09
1.09556e+09
5.34828e+08
9.45419e+08
1.36932e+09
1.97589e+09
1.34541e+09
1.05801e+09
2.09666e+09
1.88336e+09
8.97711e+08
1.3958e+08
2.12024e+09
4.13839e+07
1.10625e+09
1.28946e+09
1.14707e+09
2.25009e+08
1.21886e+09
6.27655e+08
1.24498e+09
1.05466e+09
1.3116e+09
2.11039e+09
1.29528e+08
3.59941e+08
6.35232e+08
1.32222e+09
1.0364e+09
5.34875e+08
1.33458e+09
2.09205e+09
1.63043e+09
1.86941e+09
8.89987e+08
8.52268e+08
1.69781e+09
8.79099e+07
1.91028e+09
1.64699e+09
1.97127e+09
6.60507e+08
1.78657e+09
1.94402e+09
7.01891e+08
7.45339e+08
1.086e+09
1.84896e+09
9.70348e+08
1.57379e+08
3.29128e+08
6.78406e+07
1.21204e+09
1.64073e+09
3.07431e+07
1.34156e+09
2.00067e+09
6.65975e+08
5.16302e+08
8.89585e+08
1.20085e+09
1.85088e+09
8.34153e+08
6.83799e+08
1.5728e+09
1.72414e+09
1.53607e+09
1.12313e+09
1.81205e+09
1.29886e+09
6.22639e+08
1.63583e+09
1.95937e+09
2.61725e+08
1.43237e+09
5.13779e+08
1.00706e+09
3.70888e+08
2.15252e+08
1.97741e+09
5.28267e+08
5.4438e+08
2.04525e+09
1.7403e+09
3.76272e+07
2.076e+09
9.34385e+08
2.0383e+09
5.94487e+08
1.45069e+09
7.80401e+08
1.79534e+09
1.15408e+09
1.61455e+09
3.31652e+08
5.79401e+08
1.19121e+09
1.86772e+09
1.70253e+09
8.55777e+08
1.0191e+09
1.77689e+08
3.44129e+08
8.30986e+08
4.39414e+08
1.7765e+09
1.34477e+09
1.44648e+09
2.14739e+09
1.56002e+09
1.27641e+09
5.28172e+08
2.1044e+09
1.17417e+09
1.20992e+08
2.14202e+09
1.10269e+09
1.05538e+09
2.03284e+09
1.69717e+09
3.58582e+08
6.65757e+08
1.34503e+09
1.51267e+09
1.32828e+08
1.67668e+09
2.09207e+09
1.32404e+09
1.39691e+09
1.64712e+09
3.2333e+07
2.68528e+08
1.82481e+09
3.76461e+08
1.09951e+09
1.16736e+08
5.4775e+06
2.96796e+08
1.56321e+09
5.38176e+06
1.85681e+09
6.92135e+08
5.33554e+08
1.81373e+09
1.86631e+09
6.54546e+08
1.80827e+09
8.21511e+08
1.70992e+09
1.69362e+09
3.71199e+08
2.06851e+09
2.11895e+08
1.71622e+09
1.43369e+09
3.44723e+08
1.24542e+09
1.37827e+09
1.66876e+09
4.94847e+08
8.77903e+08
1.7011e+09
7.63375e+08
5.55225e+08
2.07756e+09
1.86289e+09
6.71961e+08
2.08303e+09
1.22022e+07
8.76911e+07
2.08842e+09
1.86902e+09
7.79827e+08
4.74486e+08
1.53526e+09
4.98652e+08
1.12903e+09
1.19604e+09
1.32016e+09
6.91472e+08
7.42178e+08
1.69136e+09
6.12494e+08
9.54073e+08
1.2601e+09
2.04618e+09
1.2988e+09
3.58036e+08
1.27697e+09
8.20075e+08
8.52882e+08
7.38622e+06
3.73687e+08
1.61626e+09
5.62611e+08
3.0376e+08
1.33166e+09
1.23457e+09
2.39311e+08
1.34387e+09
1.32226e+09
1.80244e+08
1.0654e+09
2.10209e+09
6.5473e+08
4.53171e+08
4.53258e+08
1.78376e+09
1.64921e+09
1.77342e+09
3.27751e+08
2.43905e+08
1.3173e+09
9.40244e+08
1.19798e+09
4.29916e+08
8.38941e+08
3.4929e+08
7.87952e+08
2.11591e+09
1.16937e+09
1.64083e+09
2.12329e+09
1.54305e+09
1.10961e+09
5.38422e+08
1.84681e+09
2.93788e+08
1.77299e+09
2.08612e+09
1.63765e+09
9.47774e+08
1.18884e+08
5.55568e+08
9.02381e+08
7.73615e+08
1.00874e+09
1.35564e+09
4.09893e+08
5.10466e+08
9.81577e+08
7.37644e+08
7.5437e+08
1.51391e+08
1.67789e+09
1.95235e+09
5.81308e+08
3.69345e+08
1.54154e+08
1.36926e+09
3.3777e+08
1.32352e+09
8.6261e+08
3.1358e+08
7.19088e+08
1.97222e+09
8.52002e+08
4.18417e+08
1.18523e+08
4.77513e+08
3.57057e+08
1.75618e+09
1.42529e+09
4.75942e+08
1.64261e+08
1.80185e+08
1.24956e+09
1.173e+09
1.53582e+09
1.65945e+09
1.68347e+09
3.69917e+08
2.49609e+08
2.90352e+08
5.21308e+08
1.9275e+09
9.52164e+07
1.10262e+09
1.49359e+08
2.4937e+08
3.24392e+08
4.87128e+08
1.57289e+09
1.187e+09
8.00709e+08
1.44494e+08
1.01174e+09
1.65271e+09
5.62911e+08
1.13026e+09
2.13022e+09
9.19968e+08
7.38954e+08
1.40803e+09
1.39591e+09
9.03216e+08
1.58821e+09
4.97982e+08
2.07622e+09
9.76552e+08
9.94776e+06
1.6122e+09
1.34647e+09
2.59557e+08
1.90255e+09
1.86778e+09
3.95702e+07
1.99777e+09
8.2291e+08
1.88929e+08
9.96532e+07
1.1473e+09
6.76057e+08
1.67254e+09
1.8682e+08
1.47677e+09
1.81704e+09
1.19856e+09
9.81993e+08
2.32464e+08
1.81335e+08
9.64734e+08
1.15243e+09
9.20289e+08
2.25277e+08
4.00858e+08
1.82351e+09
1.81349e+09
8.9884e+08
1.75224e+09
6.42558e+08
9.08788e+08
1.21695e+09
1.98903e+09
1.16834e+09
9.72017e+08
1.70932e+09
1.20791e+09
8.223e+08
3.84747e+08
1.39684e+09
9.21953e+08
1.53205e+09
2.0729e+09
4.47012e+08
1.71887e+09
1.40218e+09
1.16565e+08
7.69943e+08
2.36693e+08
3.49029e+08
9.51278e+08
1.20143e+09
1.50146e+09
1.87157e+09
1.4267e+09
1.90232e+09
1.54759e+09
1.09271e+09
6.53674e+08
1.15234e+09
1.73527e+09
1.56246e+09
2.2181e+08
1.57681e+09
5.83322e+08
1.19383e+09
1.13865e+09
1.79124e+09
2.01613e+09
1.52339e+09
1.0406e+09
7.90597e+08
9.07959e+08
9.66014e+08
1.23761e+09
4.79344e+08
2.20714e+08
1.35417e+09
1.24929e+09
4.57406e+08
1.7032e+09
5.30819e+07
1.65883e+09
1.05718e+09
1.92465e+09
9.38053e+08
8.12015e+08
1.32475e+09
2.03076e+09
1.46569e+09
3.29613e+08
1.61855e+09
8.80667e+08
5.51423e+08
1.04787e+09
1.46399e+09
1.74525e+09
3.90375e+07
1.10774e+09
1.61389e+09
1.56243e+09
856241
2.57006e+08
3.22907e+08
9.6687e+08
1.49462e+09
8.02252e+08
1.18758e+09
7.01307e+08
2.05154e+09
1.64499e+09
2.57027e+08
2.10462e+09
1.15634e+09
1.31421e+09
1.88179e+09
2.09439e+09
2.12622e+09
1.05906e+09
1.97767e+09
1.44443e+09
1.38867e+09
1.44873e+09
1.77612e+08
1.94009e+09
3.49124e+08
1.6416e+09
1.53786e+09
3.88161e+08
6.01861e+08
1.00427e+09
1.95059e+09
6.02717e+08
1.26128e+09
1.26017e+08
1.56959e+09
6.08408e+08
9.28268e+08
6.09688e+08
1.30971e+09
8.32324e+08
1.07194e+08
1.56674e+09
7.89461e+08
1.26353e+09
7.33466e+08
5.23764e+08
1.21044e+09
7.12205e+08
1.58282e+09
1.04063e+09
9.15019e+06
8.24008e+08
3.41881e+08
1.86762e+08
6.16618e+08
6.91005e+08
1.82836e+09
6.99416e+06
1.07917e+09
2.82741e+08
1.01126e+09
8.82275e+08
8.85459e+08
1.25055e+08
1.00829e+09
3.07563e+08
7.33463e+08
1.93656e+09
9.1725e+08
2.04318e+09
6.214e+08
1.02444e+09
1.46244e+09
1.41086e+09
1.40495e+08
4.84192e+07
1.93463e+09
1.35094e+09
7.60625e+08
1.36996e+09
2.44085e+08
7.69775e+08
4.64878e+07
5.85966e+08
9.56537e+08
6.63106e+08
1.27697e+09
6.37417e+08
6.701e+08
2.08652e+08
9.20159e+08
1.68136e+09
1.09093e+09
1.80562e+09
1.80642e+09
2.09922e+09
2.11318e+09
3.92399e+08
1.8883e+09
8.82946e+08
2.88093e+08
3.62213e+08
1.90739e+09
1.75053e+09
1.77307e+09
2.04789e+09
1.79895e+09
1.56022e+09
1.25134e+09
4.1209e+08
7.82695e+08
1.49543e+09
1.18186e+09
8.29183e+08
2.08139e+09
2.1384e+09
1.49229e+09
1.21088e+09
6.28335e+08
1.49056e+07
1.41953e+09
1.54849e+09
1.69627e+09
3.62973e+08
1.20663e+09
1.3552e+09
3.14709e+08
1.17232e+09
1.7476e+09
5.55213e+07
2.05527e+09
2.0357e+09
4.17734e+08
1.81518e+09
1.63874e+09
4.33246e+07
1.71558e+09
1.29021e+09
1.60354e+09
8.19437e+08
1.7023e+09
2.38752e+08
1.67378e+08
7.36678e+08
1.06793e+09
1.01285e+08
7.27596e+08
4.1274e+08
1.31216e+09
1.35593e+09
4.27646e+08
5.84208e+08
7.56941e+08
2.12391e+09
9.47181e+08
1.96357e+09
1.33164e+09
1.26189e+09
9.88407e+08
9.31755e+08
1.31741e+09
8.96193e+08
8.19967e+08
1.73515e+09
5.63887e+08
3.11226e+08
1.77847e+09
1.31983e+08
1.60143e+09
1.23453e+09
9.5142e+08
1.15625e+09
1.47328e+09
1.1188e+09
1.89292e+09
3.9373e+08
1.22008e+09
4.73036e+08
8.0647e+08
3.84762e+08
1.82897e+09
1.23412e+09
9.6897e+08
4.38424e+08
1.21055e+09
1.91615e+09
2.54508e+08
3.94699e+08
1.03056e+09
1.24292e+09
1.32645e+09
2.00486e+08
2.13911e+09
2.14642e+09
1.93563e+09
5.55512e+08
3.10164e+08
1.56662e+09
6.87495e+08
1.9116e+09
6.53662e+08
1.63892e+09
9.20359e+08
2.12694e+09
6.1023e+08
6.658e+08
3.73187e+08
1.83031e+09
1.13884e+09
1.17966e+09
6.75911e+07
8.20319e+08
2.6629e+08
1.03656e+09
1.25874e+09
1.47684e+09
8.05229e+08
1.51325e+09
1.87154e+09
1.83579e+09
6.08683e+08
1.05051e+09
2.03627e+09
6.00308e+08
1.04945e+09
1.82442e+09
1.15582e+09
1.35961e+09
1.24356e+09
1.84332e+09
1.12372e+09
1.89722e+09
1.33475e+09
2.04408e+09
1.87667e+09
1.94498e+09
5.62397e+08
1.02378e+08
1.62781e+09
1.70123e+09
1.28203e+09
1.6954e+09
3.74069e+08
1.54832e+09
5.84475e+08
1.63281e+09
8.77678e+08
1.3897e+09
9.98579e+08
6.01731e+08
1.07801e+09
1.60726e+09
1.65224e+09
9.66797e+08
6.0087e+07
5.542e+08
6.43734e+08
1.21591e+09
1.91381e+09
1.88729e+09
9.1174e+08
8.90047e+08
1.63702e+09
9.90041e+07
7.86645e+08
1.36621e+09
2.04398e+09
1.34904e+09
1.46859e+09
1.5243e+09
9.02792e+08
6.03142e+08
1.07222e+09
1.27686e+09
3.98302e+06
1.65669e+09
7.62189e+08
8.81661e+08
8.98913e+08
1.76077e+09
1.48339e+09
1.97692e+09
1.22055e+09
9.88147e+08
7.96234e+08
1.28063e+09
1.54235e+09
1.43997e+09
3.49058e+08
1.30867e+09
1.17977e+09
1.2608e+09
5.12349e+07
6.69312e+08
1.3598e+09
8.3788e+08
2.03553e+09
1.2563e+09
3.94385e+07
1.35663e+09
6.3312e+08
9.42231e+08
1.95977e+09
1.70534e+09
7.16078e+07
1.96376e+09
1.21455e+09
8.33797e+08
6.97935e+08
2.11346e+09
4.47081e+08
3.38434e+07
1.9429e+09
1.66763e+09
1.02199e+09
5.91648e+08
8.00779e+08
4.16853e+08
2.03162e+09
1.14984e+09
1.72552e+09
1.0639e+09
2.63151e+08
1.77676e+09
1.73322e+09
1.62295e+09
4.67155e+08
1.62126e+09
7.31769e+08
5.06594e+08
8.30407e+08
1.36489e+09
1.44882e+09
6.42698e+08
9.22744e+08
1.52043e+09
4.58972e+08
2.13729e+09
2.06745e+08
1.15691e+09
2.10327e+09
6.53827e+08
1.19075e+09
1.89868e+09
1.73971e+08
6.52566e+07
3.42848e+08
9.7475e+08
4.82109e+08
2.2698e+08
2.12459e+09
6.01499e+07
1.29088e+09
2.40254e+08
1.83691e+09
8.76618e+08
1.86321e+09
1.56581e+08
3.50393e+08
4.47492e+08
6.63175e+08
1.1808e+09
1.81238e+09
2.112e+09
1.8235e+09
5.87641e+08
1.48495e+09
1.34987e+08
5.77449e+08
1.69169e+09
1.29189e+09
5.33234e+08
1.98036e+08
3.3516e+08
2.84434e+08
3.72007e+08
4.00417e+08
6.27282e+08
1.34676e+09
8.82526e+08
8.54261e+08
1.32386e+09
9.42676e+08
2.14515e+09
1.56411e+09
6.32101e+08
8.7428e+08
1.27984e+09
7.88682e+08
1.22467e+09
1.72733e+09
1.45186e+09
2.5799e+08
1.39223e+09
1.41637e+09
2.08149e+09
1.97987e+09
7.53836e+08
6.89912e+07
4.09834e+08
2.98045e+08
1.36088e+09
9.43069e+08
4.96081e+08
1.69604e+09
1.2275e+09
8.68089e+08
2.09646e+09
1.85478e+09
6.73623e+07
8.31504e+08
5.61562e+08
1.39122e+09
1.77418e+09
5.59225e+08
8.07853e+08
2.58797e+08
1.4335e+09
2.08769e+09
1.04748e+09
5.10694e+08
1.66754e+09
3.51852e+08
7.68684e+08
