2.70633e+08
1.74216e+09
1.77795e+09
1.79572e+09
2.11312e+09
1.53371e+09
5.34401e+08
3.56695e+08
1.29839e+09
1.51692e+09
1.40582e+09
1.92629e+08
1.89102e+09
1.95218e+09
6.97082e+08
8.33179e+08
6.4184e+08
2.12426e+08
1.70562e+09
6.54481e+08
1.59934e+08
1.25002e+09
1.31353e+09
3.86156e+08
3.11655e+07
6.58593e+08
1.14448e+09
8.38513e+08
1.21714e+07
9.43615e+08
2.05904e+09
2.82805e+08
5.38295e+08
1.6895e+09
2.07853e+09
5.03931e+08
1.07573e+09
4.65445e+08
8.60626e+08
2.26632e+08
1.98237e+09
1.18962e+08
4.19261e+08
1.7259e+09
2.07115e+09
1.11634e+09
4.11598e+08
5.65502e+08
1.32877e+09
2.11722e+09
