1.21998e+09
1.4887e+09
1.21976e+09
3.86031e+08
1.87486e+09
1.25092e+09
1.04462e+09
8.71857e+08
2.08943e+09
1.0568e+09
1.81547e+09
2.00098e+09
1.3396e+09
2.06283e+08
1.543e+09
1.27064e+09
7.10215e+08
4.71244e+08
1.73609e+09
1.57084e+09
6.97876e+08
1.57097e+09
1.6898e+09
1.11714e+09
1.14939e+09
1.61347e+09
8.59962e+07
1.56099e+09
3.14844e+07
1.41477e+09
1.53073e+09
1.25147e+09
7.55985e+08
6.02999e+08
1.6375e+09
4.83361e+08
1.85392e+09
5.3464e+08
1.35522e+09
1.79587e+09
1.59144e+09
1.02321e+09
1.64937e+09
7.83552e+08
1.22949e+09
1.04489e+09
2.0542e+09
1.9397e+09
1.51613e+09
1.6428e+09
1.36306e+09
6.65236e+07
1.06629e+09
9.0538e+08
1.18366e+09
6.82008e+07
3.71362e+08
1.26966e+09
1.62919e+09
4.02847e+08
5.36938e+08
1.01243e+09
1.65432e+09
1.29292e+09
1.61543e+09
1.14433e+09
1.77628e+09
1.32187e+09
1.67897e+09
9.84018e+08
9.70256e+08
1.12292e+09
2.00722e+09
4.72144e+08
1.90647e+09
1.08923e+09
1.51703e+09
1.81319e+09
8.81449e+08
8.85679e+08
1.30851e+09
9.7026e+07
9.52202e+08
2.27315e+08
1.00241e+09
2.13586e+09
2.95516e+08
1.37377e+09
1.25804e+09
1.92471e+09
1.77662e+09
1.79497e+09
7.89657e+08
1.28345e+09
9.40413e+08
2.57606e+08
2.80295e+08
5.69213e+08
1.57948e+09
1.95927e+09
1.55323e+09
4.02248e+08
9.34705e+08
1.41297e+09
8.74391e+08
6.93696e+08
3.54715e+08
2.43939e+08
3.594e+08
1.23616e+09
1.12962e+09
1.66791e+09
1.33319e+09
2.08182e+09
1.89522e+09
1.88113e+08
2.0702e+09
4.32541e+07
1.56188e+09
1.18075e+09
1.96796e+09
1.19101e+09
8.2824e+08
6.10134e+08
3.26978e+08
1.76865e+09
8.67741e+08
6.07272e+08
1.90383e+08
2.99733e+08
4.19054e+08
1.74361e+09
7.0198e+08
1.35376e+09
1.0091e+09
1.57637e+09
2.04746e+09
1.36382e+09
1.82031e+09
2.59371e+08
4.52496e+08
8.02444e+08
1.92728e+09
1.78569e+09
7.3678e+08
1.67502e+09
1.9738e+09
6.59495e+08
1.71827e+09
1.3882e+09
1.84024e+09
1.53875e+09
4.31728e+08
5.21001e+08
1.3972e+06
7.58706e+08
1.4217e+08
8.69138e+08
1.36598e+09
3.32553e+08
1.16887e+09
1.78503e+09
2.07617e+09
1.87085e+09
9.91308e+08
9.37783e+08
1.29974e+09
8.9128e+08
1.54116e+08
9.72566e+08
1.15065e+09
6.06612e+08
1.77501e+09
9.30445e+08
2.44815e+08
3.64306e+08
4.57977e+08
7.1131e+07
1.0238e+09
2.87623e+07
1.45933e+09
7.16562e+08
1.56751e+09
1.89106e+09
1.23756e+09
1.56891e+09
5.0228e+08
1.37973e+09
2.9056e+08
1.86826e+09
1.71229e+09
1.45943e+09
1.50581e+09
1.64097e+09
1.1828e+09
3.49632e+08
4.31268e+08
3.35053e+08
1.24091e+09
5.85383e+08
1.30762e+09
2.4408e+08
1.192e+09
9.35145e+08
1.17452e+09
1.43681e+09
1.29945e+09
1.6325e+09
1.50794e+09
1.75769e+08
1.66126e+09
8.19786e+08
8.92331e+08
1.08129e+09
5.6336e+08
2.12989e+09
5.02711e+08
1.06564e+09
1.36214e+09
7.93271e+08
7.86414e+08
9.26946e+08
1.05218e+08
1.44738e+08
4.2043e+08
1.28802e+09
4.94369e+08
8.51698e+08
1.62307e+09
1.73528e+09
1.43708e+09
7.83203e+08
1.97936e+09
4.81592e+08
1.71835e+09
1.0064e+09
1.9184e+09
8.70316e+08
4.9142e+08
1.27886e+09
1.04608e+09
5.19977e+06
2.09865e+09
1.93842e+09
1.08649e+09
5.14523e+08
1.92083e+09
1.5892e+09
1.58016e+09
1.13549e+09
2.34988e+08
2.19094e+08
2.06243e+09
3.40206e+08
3.63831e+08
3.35379e+08
1.62822e+09
8.58201e+08
1.18708e+09
1.10381e+09
4.45998e+08
4.76674e+08
1.88701e+09
2.77876e+08
9.58266e+08
1.45787e+09
1.28428e+09
7.29185e+08
1.80706e+08
1.7757e+09
2.00805e+09
1.22679e+09
1.7809e+09
1.95921e+09
1.01772e+09
7.19902e+08
3.26248e+08
7.91066e+08
1.61618e+08
1.90641e+09
1.92655e+09
3.96606e+08
2.1255e+09
1.8415e+09
7.36812e+08
3.41852e+08
2.93962e+07
2.1755e+08
1.20005e+09
1.21647e+09
1.32136e+09
1.64605e+09
1.69315e+09
1.06088e+09
1.92393e+09
5.03928e+08
3.71272e+08
1.06072e+09
1.23311e+09
5.51977e+08
6.88934e+08
1.09368e+09
1.77877e+09
3.22348e+08
9.05399e+08
6.49008e+08
1.04225e+09
1.23165e+09
1.44007e+09
1.20387e+09
9.90575e+08
1.21914e+09
1.60047e+09
9.68596e+08
9.13161e+08
1.89803e+08
1.31045e+09
9.42557e+08
4.07353e+08
3.63018e+08
1.15454e+07
1.72871e+09
2.00907e+09
1.70469e+09
6.42107e+08
1.78551e+09
6.11362e+07
1.01338e+09
6.98749e+08
1.29425e+09
1.56536e+09
1.38768e+09
2.40441e+08
1.19664e+09
1.71003e+09
1.14584e+09
1.84565e+09
6.04797e+08
2.30004e+08
1.13824e+09
1.80867e+09
1.22058e+09
2.09897e+08
1.26166e+09
4.1691e+07
1.12306e+09
1.45146e+09
1.35214e+09
2.06561e+09
1.85881e+09
1.71516e+09
2.07716e+09
1.44004e+09
1.57674e+09
1.63437e+09
2.08214e+09
1.21477e+09
1.6955e+09
9.48038e+08
1.91352e+09
8.4227e+08
3.6591e+08
1.15372e+09
1.08271e+09
1.56255e+09
7.16265e+08
8.10676e+07
1.26072e+09
1.32106e+09
3.11072e+08
2.5147e+08
9.82243e+08
1.53165e+09
4.61367e+08
9.64157e+07
1.57334e+09
1.58442e+09
1.54787e+09
7.77997e+08
1.50256e+09
1.2592e+09
3.4567e+08
1.43223e+09
5.51755e+08
1.92241e+09
9.19116e+08
4.86415e+08
9.89698e+08
4.67136e+08
1.43445e+09
7.55733e+08
1.30941e+09
1.80036e+09
1.90945e+09
2.44633e+08
1.21543e+09
4.78232e+08
3.257e+08
3.28662e+08
1.79929e+09
6.36772e+08
5.80132e+08
6.34053e+08
2.09392e+07
1.0415e+09
7.30468e+08
1.59428e+09
4.78439e+08
1.30859e+08
2.24794e+08
1.98099e+09
1.39006e+09
5.70465e+08
1.26574e+09
1.94182e+09
3.45393e+08
3.73748e+07
2.80748e+08
1.33509e+09
5.04511e+08
1.7152e+09
2.09082e+09
1.81392e+09
1.36808e+09
1.85279e+09
2.05855e+09
4.36028e+08
1.83539e+08
2.36766e+08
7.6469e+08
1.98283e+09
8.73538e+08
1.34482e+09
4.69401e+08
8.94478e+08
2.38836e+08
1.19987e+09
3.41275e+08
7.17276e+08
1.33073e+09
5.66069e+08
5.50787e+08
5.73307e+08
1.13653e+09
1.81653e+09
3.6764e+08
1.48193e+09
1.8539e+09
6.48388e+08
6.69534e+08
2.10932e+08
2.16106e+08
6.12875e+08
2.02485e+09
1.58419e+09
3.18182e+08
1.93591e+09
2.02022e+09
5.01721e+08
2.51962e+07
6.37422e+08
3.37069e+08
8.98735e+08
1.98224e+09
8.0647e+08
1.79321e+09
7.35964e+07
2.00634e+09
2.13449e+09
7.90872e+08
1.18959e+09
5.53072e+08
1.34166e+09
1.76289e+09
1.68961e+09
1.01071e+09
2.13053e+09
1.02405e+09
7.17127e+08
6.31437e+08
1.69358e+09
9.28058e+08
8.47543e+08
1.58974e+08
8.05423e+08
2.84246e+08
4.77156e+08
5.93853e+08
1.56978e+08
9.78877e+08
6.19049e+08
7.944e+08
1.31595e+09
1.51778e+09
6.29159e+08
2.12242e+09
1.16351e+09
7.02756e+08
1.98127e+09
1.15052e+09
