1.49363e+09
1.02337e+09
1.70359e+09
6.87804e+08
6.38782e+08
1.24571e+09
1.69851e+09
6.2183e+08
1.22274e+08
2.68152e+08
1.25327e+09
1.81586e+09
1.19621e+09
2.10081e+09
1.97483e+09
2.00163e+09
2.37572e+08
3.04504e+08
4.48003e+08
3.9455e+08
1.28338e+09
1.06705e+09
1.18895e+09
4.51843e+08
4.37353e+08
1.81811e+09
4.26776e+08
1.60086e+09
3.73381e+08
2.60564e+08
6.03896e+08
1.86701e+09
1.28394e+09
1.6e+08
4.07329e+08
1.92272e+09
1.40571e+09
2.10584e+09
3.97066e+08
1.52798e+09
2.26508e+08
1.65033e+09
1.19636e+09
1.42272e+09
1.60366e+09
1.02371e+09
1.27687e+09
1.84123e+09
1.32821e+09
1.72487e+09
8.82963e+07
4.64107e+08
6.44441e+08
1.27725e+09
9.1595e+08
1.08179e+09
9.47871e+08
1.34273e+09
5.35175e+08
1.32125e+09
1.60329e+09
1.13907e+09
1.04078e+09
7.39744e+08
1.29907e+09
1.44811e+09
5.1498e+08
5.57296e+08
1.40646e+09
9.12046e+08
2.08528e+09
1.63297e+09
4.14895e+08
1.13415e+09
9.08204e+08
2.01855e+09
1.03738e+07
3.75892e+07
1.7123e+09
1.33858e+09
1.76246e+09
1.8006e+09
1.80269e+09
2.59418e+08
9.30358e+08
5.71156e+08
1.34121e+09
1.87823e+09
1.91388e+09
1.87639e+09
1.052e+09
1.36969e+09
8.67974e+08
2.09277e+09
2.10943e+09
1.95609e+07
1.3934e+09
4.76929e+08
5.76857e+08
6.52375e+08
1.38898e+09
5.14652e+08
1.37861e+08
1.80387e+09
1.6488e+09
1.04607e+09
1.67494e+09
1.65918e+09
1.08365e+09
1.23976e+09
8.50278e+08
6.98632e+08
8.92868e+08
5.05484e+08
9.5805e+08
1.82323e+09
1.07664e+09
1.51778e+08
1.55397e+09
8.43039e+08
2.02816e+09
4.58484e+08
6.52437e+07
7.48655e+08
4.03774e+08
2.7193e+07
7.68216e+08
1.79717e+09
5.04122e+08
1.34507e+09
3.02063e+08
1.8931e+09
1.85972e+09
4.39924e+08
1.54948e+09
1.36105e+09
1.48599e+09
1.07694e+09
8.72741e+08
4.2216e+08
1.69213e+08
1.72302e+09
1.12079e+09
1.06208e+09
8.10188e+07
2.07884e+09
7.37823e+08
1.15766e+09
8.31364e+07
1.4431e+08
2.0007e+09
2.1113e+09
6.02794e+08
2.06594e+09
7.12473e+08
1.00657e+09
2.09313e+09
1.48069e+09
6.56256e+08
4.49773e+08
6.78278e+08
9.5832e+08
1.95387e+08
3.90519e+08
1.39824e+09
1.74487e+09
1.75156e+09
7.3675e+08
6.74329e+08
4.76822e+08
1.15891e+09
8.43542e+08
5.23564e+07
1.32218e+08
1.90562e+09
1.33375e+08
6.35757e+07
4.95961e+08
1.29103e+09
1.46712e+08
6.40271e+08
1.14425e+09
1.1053e+08
1.24306e+09
1.06271e+09
8.23002e+08
1.02149e+08
1.00836e+09
1.56207e+08
7.58405e+08
1.45813e+09
8.34485e+08
1.71672e+09
1.65352e+09
1.225e+09
9.67485e+08
1.25091e+09
8.29084e+08
1.70423e+09
1.92523e+09
1.30591e+09
7.15661e+08
6.21292e+08
1.35826e+09
8.47878e+08
3.79431e+08
1.49164e+09
9.11454e+08
8.75392e+08
6.35188e+08
1.05817e+09
1.51566e+09
1.77944e+09
1.1687e+09
6.11244e+08
6.94658e+08
1.9917e+09
7.13393e+08
1.70301e+09
421508
1.4718e+09
1.01366e+09
8.34906e+08
1.04104e+09
5.19693e+08
2.05991e+09
2.00853e+09
1.7706e+09
7.4151e+08
1.56528e+09
1.54835e+09
2.04742e+09
1.33453e+08
2.21565e+07
1.25819e+09
9.81331e+08
4.01587e+08
6.02348e+08
1.89279e+09
1.27698e+09
1.23754e+09
8.03467e+08
6.45158e+08
8.69488e+08
1.97216e+09
1.2564e+09
1.56415e+09
1.81638e+09
1.9698e+09
1.11968e+09
1.8168e+09
1.29411e+09
2.13334e+09
5.04222e+08
1.87667e+08
5.05545e+08
4.16647e+08
4.87086e+07
1.28659e+08
1.15816e+09
1.61398e+09
1.67701e+09
1.05809e+09
1.74744e+09
1.69916e+09
1.688e+08
5.81286e+08
2.10075e+09
7.71149e+08
3.26587e+08
1.23025e+09
2.00868e+09
1.13005e+09
1.8754e+09
7.30689e+08
9.54734e+08
9.84324e+08
1.47351e+08
6.23628e+08
8.06636e+08
1.26703e+09
2.92943e+08
2.10075e+09
1.25288e+09
7.97165e+08
1.4093e+08
1.75843e+09
1.21381e+09
1.89638e+08
1.88708e+09
2.24486e+08
1.80362e+09
1.41661e+09
1.28258e+09
1.40358e+09
9.68288e+08
1.45138e+09
1.98486e+09
9.21555e+08
7.5041e+07
1.63966e+08
4.31812e+06
2.08373e+09
1.29402e+09
1.87972e+09
6.66931e+08
1.01271e+08
7.16563e+08
8.14282e+08
7.24899e+08
1.5232e+09
2.08131e+09
1.01784e+09
1.47646e+09
1.18671e+09
1.81501e+09
1.61739e+09
7.97648e+08
8.81336e+08
1.80703e+09
5.37249e+08
1.10582e+09
1.46317e+09
1.95386e+09
2.40914e+08
7.19263e+08
7.74661e+08
1.69229e+09
5.56642e+08
1.69622e+09
1.76733e+09
7.20608e+08
1.70053e+09
1.70357e+09
2.01463e+09
1.43277e+09
2.2302e+08
2.1159e+09
1.85304e+06
1.0373e+09
6.93317e+08
1.52505e+09
9.71129e+08
1.71116e+09
8.54029e+08
1.03521e+07
1.37868e+09
3.23937e+08
8.08e+08
1.12535e+08
2.13097e+09
1.34525e+09
1.21836e+09
1.44665e+09
1.15162e+09
1.45927e+09
1.84304e+07
1.92628e+09
1.00408e+09
5.75072e+08
1.47502e+09
6.23923e+08
1.29568e+09
1.02807e+09
1.80012e+08
1.16283e+09
3.13356e+08
4.03032e+08
1.13124e+09
3.15209e+08
1.44033e+09
1.82456e+09
1.84026e+09
2.6398e+08
1.38824e+09
5.46806e+08
2.74332e+08
6.19435e+08
8.70743e+08
1.08233e+09
7.3197e+08
8.54226e+08
2.80097e+08
1.95033e+09
1.53394e+08
1.43172e+09
1.26211e+09
1.71824e+08
1.21052e+09
1.18705e+08
7.46897e+08
5.38049e+08
7.42628e+08
2.04258e+09
1.56612e+09
9.2264e+08
1.05792e+09
1.87947e+09
1.32567e+09
4.16809e+07
4.71964e+07
6.18522e+08
1.86624e+09
1.88746e+09
8.82502e+08
1.10699e+09
2.8678e+08
1.15683e+09
1.72643e+09
1.15752e+09
9.16818e+07
3.10915e+08
2.01175e+09
3.71779e+08
1.13757e+08
1.76591e+07
1.8035e+09
1.37587e+09
1.89483e+08
8.66532e+08
1.49458e+09
9.3638e+08
1.40458e+09
8.97192e+07
8.31474e+08
8.23213e+08
1.01236e+09
1.88939e+09
5.55201e+08
1.90547e+08
1.93108e+09
6.02397e+08
8.09069e+08
1.64983e+09
3.42371e+08
1.69157e+09
6.09343e+08
6.2915e+08
7.0092e+08
1.88288e+08
1.78667e+09
7.92602e+08
4.99203e+08
1.65094e+09
1.16438e+09
6.1296e+08
1.6686e+09
8.20395e+08
1.98883e+09
1.85808e+09
1.68693e+09
1.33592e+09
6.46977e+08
9.44026e+08
1.42564e+09
1.47845e+09
1.76724e+09
2.90516e+08
1.22036e+09
1.74956e+08
4.81063e+08
1.00395e+09
7.77353e+08
1.29013e+09
5.06302e+08
1.11972e+09
8.34218e+08
1.11564e+09
1.74887e+09
1.53514e+09
1.30393e+09
1.38806e+09
1.80257e+08
1.80314e+09
8.91519e+08
1.34464e+09
2.68611e+08
4.12633e+08
1.75505e+07
1.09958e+08
1.23231e+08
1.70448e+09
1.44588e+09
7.70208e+08
5.0102e+08
7.24036e+08
1.01175e+08
1.20775e+08
1.01455e+09
1.32154e+09
2.95731e+08
1.49562e+09
1.78005e+08
1.07308e+09
6.38263e+08
6.84307e+08
4.53242e+07
1.47248e+09
1.79995e+09
1.7942e+09
8.60137e+08
9.56401e+08
1.03478e+09
1.04039e+09
6.12052e+08
1.9263e+09
2.37549e+08
8.80664e+08
1.91447e+08
2.55099e+08
9.90622e+08
3.14678e+08
1.95958e+09
2.89018e+08
1.08489e+09
3.13114e+08
1.01305e+09
1.18606e+09
4.33889e+08
2.02761e+09
3.60114e+08
7.2962e+08
1.37574e+09
5.38119e+08
1.8027e+09
2.014e+09
1.22243e+09
1.84803e+09
1.339e+09
8.74895e+08
1.49474e+09
5.16518e+07
1.8313e+09
3.82038e+08
1.09205e+09
2.95865e+08
1.60852e+08
1.32959e+09
1.17653e+09
3.52299e+08
1.58469e+09
1.96666e+07
6.66977e+08
1.39679e+09
3.08684e+08
1.75186e+09
1.7099e+09
1.32174e+09
7.90441e+08
2.14379e+09
1.20186e+09
1.15055e+09
7.25928e+08
4.30116e+08
1.68867e+09
3.81149e+08
2.96633e+08
7.63617e+08
8.16935e+07
1.63563e+09
1.63851e+09
1.57644e+09
1.68728e+09
1.32232e+09
1.95847e+09
6.31846e+08
1.61819e+09
2.11933e+09
1.96144e+09
6.47233e+08
3.24143e+08
1.39865e+09
6.669e+08
9.9112e+08
6.47956e+08
9.75584e+08
5.955e+08
2.10375e+08
1.49838e+08
1.38594e+09
2.06682e+08
1.3517e+09
3.89012e+08
9.3261e+08
1.78182e+09
2.07769e+09
1.31376e+09
2.07845e+09
6.93818e+08
1.39545e+09
1.5666e+09
1.84846e+08
8.24405e+08
1.1064e+09
1.50717e+09
6.35396e+08
1.73824e+09
9.77874e+08
6.0724e+08
1.5522e+09
1.62511e+09
9.31383e+08
8.03368e+08
1.44523e+08
1.9225e+09
1.45132e+09
1.12011e+09
3.7052e+08
1.6617e+09
1.26995e+09
1.75646e+09
1.86838e+09
4.74162e+08
2.14547e+09
6.53508e+08
1.08493e+08
2.07567e+09
1.96727e+09
3.94581e+07
6.22009e+08
1.21523e+09
1.60605e+09
8.06855e+08
2.03964e+09
5.64968e+08
1.66541e+08
5.27552e+08
1.55728e+08
1.14441e+09
1.13479e+09
1.70793e+09
6.22038e+08
2.06617e+09
3.63813e+08
7.66562e+08
1.84119e+09
1.81514e+09
1.88667e+09
6.423e+07
1.32935e+09
1.00913e+09
1.82069e+09
1.05025e+09
1.48329e+09
1.81868e+09
1.70376e+09
1.59179e+09
1.74687e+09
1.52354e+09
1.63124e+09
2.21394e+08
5.91291e+08
1.08982e+09
1.02825e+09
4.83447e+08
1.65478e+09
1.19479e+09
1.011e+09
1.81051e+09
1.91721e+08
2.14579e+09
1.37096e+09
8.13759e+08
2.06448e+09
1.73477e+09
1.58032e+09
1.75819e+09
1.40242e+09
1.31951e+09
1.82242e+09
5.84292e+08
1.81154e+08
1.49563e+09
1.63454e+09
1.66445e+09
1.16682e+09
1.19082e+09
1.10875e+09
7.66211e+08
5.66873e+08
5.92509e+08
9.87605e+08
1.15816e+09
1.68232e+09
2.01585e+09
1.64161e+09
1.18962e+09
1.06316e+09
5.05127e+08
8.52652e+08
1.25488e+09
5.03434e+08
7.61243e+07
2.06864e+09
4.20433e+08
1.81089e+09
1.50148e+09
3.11417e+07
1.06583e+09
6.735e+08
1.85356e+09
1.65012e+09
8.54653e+08
1.20171e+09
1.13718e+09
3.71616e+08
2.21051e+08
1.80516e+08
1.48036e+09
9.87262e+08
7.47389e+08
2.07287e+09
1.97487e+09
1.90555e+09
1.60771e+09
1.84324e+09
1.39968e+09
6.49854e+08
7.58913e+08
1.90481e+09
1.50251e+09
2.01379e+09
2.60759e+08
1.57863e+09
1.93495e+09
6.81191e+08
1.24204e+09
1.28894e+09
7.12333e+08
1.60389e+08
1.96244e+09
4.18414e+08
1.81051e+09
6.69613e+08
1.62012e+09
8.00213e+08
1.04123e+09
1.84118e+09
9.80729e+08
3.74109e+08
6.80953e+08
1.72812e+09
2.99499e+08
5.08337e+08
1.48619e+09
1.90721e+09
2.0409e+08
7.38386e+08
4.09582e+08
9.63003e+08
4.9571e+08
1.91209e+09
8.29313e+08
7.56468e+08
1.34323e+09
6.16779e+08
1.43766e+09
4.3779e+08
1.90572e+09
2.50914e+06
5.98178e+08
1.72068e+09
4.20923e+08
2.61208e+08
2.42811e+08
2.04105e+09
1.06142e+09
1.28404e+09
1.73474e+09
2.04215e+09
1.65815e+09
2.68208e+08
1.62278e+09
1.95765e+09
7.76545e+08
9.61488e+08
1.71738e+09
9.80635e+08
1.69987e+09
2.12696e+09
1.94364e+09
4.80996e+07
1.89156e+09
6.25468e+08
8.04568e+08
1.08731e+09
1.24225e+09
9.4744e+07
1.5251e+09
1.00049e+09
9.72532e+07
2.12328e+09
5.73684e+08
5.18176e+08
2.37004e+08
8.16495e+08
4.11739e+08
1.29842e+09
2.10053e+09
2.14648e+09
1.19309e+09
1.6112e+09
2.67202e+08
6.68389e+08
1.42136e+09
1.04375e+09
1.62988e+09
9.91254e+08
2.02438e+09
1.18227e+09
9.70728e+08
1.82054e+09
1.23037e+09
7.14806e+08
2.98519e+08
2.03493e+09
1.80212e+09
1.54077e+09
2.12968e+09
1.17974e+09
3.93769e+08
7.94477e+07
1.15553e+09
9.67453e+08
5.97624e+08
1.39253e+09
1.78395e+09
1.00936e+09
5.43475e+08
1.737e+09
1.00836e+09
1.73656e+09
1.20071e+09
1.27556e+09
2.5747e+08
4.7459e+08
1.71821e+08
1.88735e+09
1.46584e+09
4.87189e+07
9.22129e+08
2.89088e+08
1.86925e+09
5.01203e+06
1.00389e+09
2.029e+07
2.03995e+09
6.58527e+08
1.56106e+09
2.02214e+09
1.83826e+09
1.95482e+09
2.10159e+09
8.46311e+08
7.74794e+08
5.51728e+08
9.13621e+07
4.11258e+08
1.56109e+09
6.34837e+08
771327
4.21964e+08
2.23918e+08
1.20148e+09
1.69752e+09
4.81387e+08
1.67607e+09
1.86934e+09
2.2125e+08
9.94433e+08
1.91806e+09
1.14338e+09
1.28352e+09
1.63983e+09
1.14839e+09
1.39931e+08
1.66012e+09
1.04085e+09
7.98458e+08
1.0737e+09
9.15511e+08
4.89237e+08
8.81038e+08
8.69616e+08
1.33555e+09
1.65583e+09
1.42134e+09
1.42691e+09
2.06709e+09
8.34952e+08
2.06175e+09
2.06786e+09
1.25692e+09
1.38182e+08
1.12186e+09
8.06956e+08
6.19569e+08
6.5045e+08
5.28817e+08
8.4082e+08
1.64488e+09
2.99396e+08
1.9842e+09
7.80921e+08
1.93923e+09
9.85108e+08
9.20851e+08
1.45187e+09
2.02596e+09
1.71931e+09
3.78083e+08
7.9399e+08
6.10632e+07
1.25912e+09
1.66361e+09
1.39661e+09
7.6747e+08
9.37466e+08
6.76038e+08
6.87076e+08
1.77242e+09
5.90302e+08
6.07453e+08
8.81851e+08
7.28484e+08
1.72931e+09
1.68881e+09
1.34805e+09
2.3228e+08
7.01404e+07
4.1389e+07
1.87716e+09
3.69537e+08
2.02559e+09
5.10601e+08
1.61283e+08
8.63212e+08
1.43145e+09
1.61315e+09
7.4169e+08
1.00328e+09
1.99124e+09
1.53568e+09
1.06434e+09
1.10287e+09
1.0518e+09
3.13469e+08
1.87034e+09
1.98927e+09
9.89507e+08
4.09937e+08
1.6142e+09
1.57981e+09
1.01739e+09
3.48571e+08
1.6081e+08
5.9922e+08
2.03738e+09
1.50886e+09
8.315e+08
2.10752e+09
1.55025e+09
5.61181e+08
3.29572e+08
1.42836e+09
1.07178e+09
4.90855e+08
1.44085e+08
3.5575e+08
2.10401e+09
8.85776e+08
1.35903e+09
1.94776e+09
2.73972e+08
2.75885e+08
9.03154e+08
1.32577e+09
5.89354e+08
6.26015e+08
1.16756e+09
1.57886e+09
1.03595e+09
6.34279e+08
1.01119e+09
2.05334e+09
9.8285e+08
1.172e+09
5.05078e+08
8.72746e+08
5.33376e+08
1.33658e+09
8.32781e+08
2.08363e+09
1.89776e+09
1.16235e+09
1.3645e+09
8.22056e+08
1.65321e+09
1.50859e+09
1.17781e+09
1.60973e+09
2.46879e+08
3.8935e+08
1.41001e+09
5.20851e+08
6.65236e+08
1.65683e+08
1.84663e+09
1.25459e+09
7.91698e+08
8.66701e+08
6.85968e+08
1.82765e+09
1.50098e+09
1.69716e+09
1.73351e+09
3.36347e+08
7.21669e+08
9.11017e+07
1.20909e+09
1.25505e+09
1.42768e+09
2.04187e+09
1.19119e+09
1.17795e+09
1.05674e+09
4.08208e+08
2.00001e+09
5.62468e+08
1.91679e+09
1.03033e+09
2.47187e+07
1.61896e+07
1.41968e+09
1.43473e+09
5.37041e+08
2.08492e+09
1.60042e+09
2.36182e+08
1.19203e+09
2.4463e+08
1.10288e+09
1.87799e+09
2.07228e+09
4.56379e+08
1.42767e+09
1.6583e+09
7.92726e+08
1.85136e+06
1.74941e+09
2.00182e+09
1.2569e+09
1.0296e+09
1.89621e+09
3.00603e+08
6.00728e+07
8.05468e+08
7.08811e+08
2.06008e+09
1.36794e+09
4.78122e+08
9.42934e+08
1.39265e+09
4.94312e+08
2.15134e+08
6.79903e+08
1.03135e+09
1.5257e+08
1.32835e+08
1.26753e+09
1.3446e+09
3.77465e+08
2.22933e+08
1.07511e+09
3.02261e+08
6.79312e+08
3.55289e+08
1.96056e+09
1.47204e+09
3.57141e+08
1.56249e+09
1.32637e+09
1.61404e+09
4.44605e+08
1.0751e+09
1.91464e+09
5.04678e+08
1.88057e+09
4.75968e+08
4.17278e+08
1.10102e+09
9.5409e+08
1.36021e+09
3.46189e+08
1.4484e+09
1.57535e+09
1.02609e+09
3.3227e+08
1.72792e+09
1.15893e+09
1.5998e+09
9.25029e+08
1.53639e+09
1.82274e+09
2.00014e+09
1.83865e+09
3.54566e+08
2.07941e+08
1.65173e+09
1.8266e+09
5.65081e+08
1.06674e+09
1.00549e+09
3.16352e+07
1.51134e+09
2.08059e+09
1.94628e+09
2.01602e+09
1.81367e+09
2.7476e+08
2.85813e+08
7.67208e+08
1.22885e+09
1.64603e+09
1.1134e+09
5.29768e+08
1.07389e+09
2.13949e+09
8.62038e+08
6.54319e+08
1.15093e+09
3.14359e+08
1.57935e+09
5.39839e+08
2.1371e+09
1.432e+09
2.31007e+08
3.44178e+08
1.63994e+09
1.88274e+09
2.32992e+07
5.75386e+07
8.01993e+08
1.02879e+09
8.91738e+07
1.65851e+08
9.61901e+08
2.03545e+09
3.43863e+07
6.28091e+08
1.62726e+08
3.202e+08
1.3953e+09
1.39158e+09
1.96622e+09
3.61211e+08
1.92134e+09
8.92628e+08
3.53216e+08
6.35899e+08
1.54695e+09
1.50415e+09
9.50258e+08
9.78812e+08
2.04399e+09
9.3987e+08
2.63328e+08
1.2751e+08
1.28405e+09
1.90327e+09
2.01025e+09
1.30735e+09
1.96081e+09
6.6476e+08
1.88657e+08
2.04998e+09
8.30611e+08
1.15056e+09
1.93795e+09
8.64997e+08
1.77865e+09
2.10067e+09
1.1852e+09
1.02646e+09
1.34477e+09
1.00394e+09
1.38767e+09
1.11863e+09
1.89657e+09
1.74089e+09
1.75453e+09
1.29603e+09
1.09755e+09
5.573e+08
1.27359e+08
9.94057e+08
1.49717e+09
3.90687e+08
1.12157e+09
6.33734e+08
1.46473e+08
9.84334e+08
1.94108e+09
2.10728e+09
1.64909e+09
2.12974e+09
2.00978e+09
3.32221e+08
1.13281e+09
1.80024e+09
1.19722e+09
7.63977e+08
1.75343e+09
2.34931e+08
1.79044e+09
9.50714e+08
1.23887e+09
1.03063e+09
2.06934e+09
9.87952e+08
6.24039e+08
1.67638e+09
1.36498e+08
1.72159e+09
8.6199e+07
2.63857e+08
5.68167e+08
1.58337e+09
6.54544e+08
1.68973e+09
6.96188e+07
8.01017e+08
5.26584e+08
2.0107e+09
7.60813e+08
2.81936e+07
1.99295e+09
6.23108e+08
3.60415e+08
9.78283e+08
2.75866e+08
1.55763e+09
1.74226e+09
2.0293e+09
1.79256e+09
1.38522e+09
8.32528e+08
8.8395e+08
2.68366e+08
7.54385e+08
1.8719e+09
8.92404e+08
2.83285e+08
2.0084e+09
4.66514e+08
3.69484e+08
1.24774e+08
1.03468e+09
1.95285e+09
7.79318e+08
5.7693e+08
2.02247e+09
1.58033e+09
1.10351e+09
1.88569e+09
1.93664e+08
1.13171e+09
1.73116e+09
8.16771e+08
1.49212e+09
5.61958e+08
1.09264e+09
9.02271e+08
1.56735e+08
9.74451e+08
5.47352e+08
1.54195e+09
1.80698e+09
1.4313e+09
1.81032e+09
4.13881e+08
1.15572e+09
5.55238e+08
6.97165e+08
1.01664e+09
1.02175e+09
1.06665e+09
1.14141e+09
2.05643e+09
8.72017e+08
1.92073e+09
4.8588e+08
7.47004e+08
1.35358e+09
1.58939e+09
4.85207e+08
1.54724e+09
5.73618e+08
6.88819e+07
2.1653e+08
2.06574e+09
6.3084e+08
1.30917e+09
8.20528e+08
7.87574e+08
1.36135e+08
1.36788e+09
1.82043e+08
1.94311e+09
6.51698e+08
1.99236e+09
2.09511e+08
1.80742e+09
4.00115e+08
9.06676e+08
6.76572e+08
1.42187e+09
1.97332e+09
1.81798e+09
1.33082e+09
6.97858e+08
1.59123e+09
1.8167e+09
1.44486e+09
7.97321e+08
1.25861e+09
1.93007e+09
1.97079e+08
1.83222e+09
1.99895e+09
4.13609e+08
1.75048e+09
4.82307e+08
1.72278e+09
4.23525e+08
1.26988e+09
1.85891e+09
1.79141e+09
1.45192e+09
1.65454e+09
2.9562e+08
1.2968e+09
1.86405e+09
2.10304e+09
1.69692e+09
6.23245e+08
6.32127e+08
9.71301e+08
4.49086e+08
3.02625e+08
1.54634e+08
1.14694e+09
1.89385e+09
1.97133e+09
4.44322e+08
5.43688e+08
1.08245e+09
2.26908e+08
7.40767e+08
7.67195e+08
7.83751e+07
1.15438e+09
3.70193e+08
5.60682e+08
7.29669e+08
7.93718e+08
1.83056e+09
4.41097e+08
4.3764e+08
1.135e+09
2.09564e+09
7.33261e+08
2.84322e+08
1.81221e+09
6.88816e+08
1.98124e+09
2.87969e+08
1.32094e+09
8.05056e+08
7.37055e+08
1.62357e+09
9.5969e+08
1.884e+09
1.36994e+09
7.83538e+08
1.80837e+08
1.91362e+09
1.86599e+09
4.07745e+08
5.06909e+08
4.85704e+08
4.8612e+08
1.66129e+09
8.55897e+08
1.0468e+09
2.43471e+08
1.64962e+09
7.29882e+08
6.84568e+08
2.08726e+09
1.86489e+09
6.32724e+08
6.73033e+08
1.72561e+06
2.97448e+08
1.36185e+09
1.98296e+09
5.85417e+08
5.35309e+08
6.40537e+08
1.32247e+09
1.13938e+07
1.60023e+09
1.05899e+09
1.38133e+09
2.36282e+08
1.23982e+09
1.14747e+09
2.10227e+09
1.64757e+09
1.65438e+09
4.40495e+08
2.13369e+09
1.16818e+09
1.29639e+09
1.03301e+09
1.41165e+09
7.98523e+08
1.76289e+09
2.09622e+09
7.38295e+08
1.48029e+09
5.81461e+08
1.41133e+09
1.48202e+09
8.78909e+08
6.25693e+08
1.3175e+09
1.46433e+09
1.161e+09
1.95804e+09
6.39314e+08
1.1724e+09
1.41078e+09
1.6983e+09
4.06242e+08
1.64706e+09
7.90641e+08
1.55371e+09
1.60185e+09
2.90727e+08
1.06061e+09
2.04235e+09
2.76931e+08
8.13082e+07
1.19126e+09
1.30994e+09
1.49296e+09
1.98978e+09
9.25343e+08
1.4417e+09
5.8059e+08
2.58152e+08
2.02316e+09
1.99192e+09
1.74017e+09
7.54585e+08
4.70127e+08
9.10185e+08
7.14273e+07
1.63113e+09
7.20738e+08
7.10741e+08
6.5604e+08
2.13152e+09
2.61558e+08
1.06228e+09
1.6311e+09
1.0522e+09
4.68511e+08
1.08547e+09
1.34293e+09
1.52912e+09
9.8033e+08
1.61986e+09
1.61043e+09
2.41022e+07
7.82312e+08
9.55907e+08
2.01388e+09
1.70766e+09
2.50122e+08
4.46987e+08
1.96581e+09
1.25798e+08
2.91421e+08
1.55849e+09
8.80383e+08
7.61547e+08
3.21196e+08
9.51811e+08
2.45192e+08
1.04193e+09
1.66255e+09
9.01231e+08
1.02597e+09
1.92411e+09
1.96351e+09
5.09582e+08
8.28827e+08
2.8454e+08
1.59505e+09
2.42695e+07
1.81366e+09
4.27896e+08
1.64413e+09
1.27661e+09
4.51998e+08
2.78956e+08
8.50295e+07
3.18395e+08
1.98661e+09
3.35151e+08
7.65382e+08
1.80494e+09
4.6095e+08
1.0568e+09
1.21595e+09
1.34133e+09
1.81835e+09
1.53714e+09
1.4566e+08
2.06354e+09
4.31593e+08
1.80821e+09
8.17289e+08
1.45756e+09
1.58484e+09
6.33318e+08
1.96714e+09
2.66182e+08
9.17858e+08
1.41471e+09
2.90451e+08
5.84036e+08
1.84261e+09
1.93458e+09
1.86064e+09
1.4712e+08
6.60509e+07
1.94567e+09
4.65515e+08
2.05266e+09
1.3334e+08
1.2309e+09
1.71011e+09
5.94289e+08
1.40216e+08
7.78578e+08
1.93562e+09
1.95857e+09
1.68237e+08
2.08128e+09
1.87462e+09
5.9983e+08
1.74201e+09
5.4443e+08
2.05739e+09
1.17937e+09
1.17775e+09
1.87705e+09
1.44555e+09
2.09561e+09
1.14428e+09
1.736e+09
5.32159e+08
8.39402e+08
1.52309e+09
2.45317e+08
9.86522e+08
1.58915e+09
4.35056e+07
1.45204e+09
1.49432e+09
1.76845e+08
5.35451e+08
1.05695e+09
7.71134e+08
6.75667e+08
1.83553e+09
5.59273e+08
4.8675e+08
2.00377e+09
4.93072e+08
2.13891e+08
4.56116e+08
8.75988e+07
7.58321e+08
3.66024e+08
1.26696e+09
1.93607e+09
9.55941e+07
5.65029e+08
1.88419e+09
1.23987e+09
1.53544e+08
2.68868e+08
2.07928e+09
1.67664e+09
5.14185e+08
9.18315e+08
1.1183e+09
5.57691e+08
2.22868e+08
4.6514e+08
7.34536e+08
7.58319e+08
1.5221e+09
1.50567e+09
1.43399e+09
1.21014e+09
2.06494e+09
1.92074e+09
1.06643e+09
4.10531e+08
2.13463e+09
1.52255e+09
4.9813e+08
7.45464e+08
1.88857e+09
1.76509e+09
5.34049e+08
1.98416e+09
1.8264e+08
2.70758e+08
1.07655e+09
3.36184e+08
5.39626e+08
1.00835e+09
2.01282e+09
1.05381e+09
1.92666e+09
9.8364e+08
1.6115e+09
2.04616e+06
1.44878e+09
1.98555e+08
7.60365e+08
8.23392e+08
1.70423e+09
4.68678e+07
2.03354e+09
1.62168e+09
1.9676e+09
9.52482e+08
2.03222e+09
1.95475e+09
3.27544e+08
3.82862e+08
5.52727e+08
6.86304e+07
472825
1.08678e+09
2.05279e+09
1.83113e+08
1.35753e+09
9.81865e+08
5.19297e+08
1.89716e+09
1.99021e+09
3.84636e+08
8.03488e+08
1.76939e+09
1.36828e+09
2.67507e+08
1.77144e+09
6.69572e+08
4.66062e+08
3.84317e+08
1.49296e+09
2.28032e+07
4.31185e+08
1.37902e+09
1.64449e+09
2.51305e+08
1.84015e+08
1.52922e+09
5.85682e+07
5.1156e+08
1.91208e+09
6.11295e+08
5.8019e+08
1.91255e+09
1.69807e+09
4.85501e+08
2.09567e+09
9.08121e+08
1.46737e+09
4.67481e+08
6.57798e+08
1.31009e+09
8.52117e+08
1.46129e+09
9.32e+08
7.29092e+07
1.72879e+09
5.55952e+08
7.42482e+08
4.73712e+07
9.40269e+08
8.7962e+07
7.01744e+07
1.37145e+09
1.46698e+09
1.71466e+09
1.62276e+09
1.65099e+09
1.0964e+09
1.68133e+09
1.50698e+07
8.60996e+08
1.45139e+08
5.9526e+08
6.26067e+08
1.84321e+09
1.08076e+09
5.7425e+08
6.03847e+08
4.00642e+08
1.04173e+09
1.26165e+09
1.71074e+09
1.89385e+09
5.75448e+08
4.95252e+08
1.96676e+09
1.56757e+08
1.0512e+09
5.61755e+08
2.04128e+08
1.99147e+09
6.49717e+08
2.74303e+08
1.21544e+09
2.1167e+09
1.98896e+09
6.90721e+08
1.62021e+09
9.37879e+08
2.24565e+08
1.63528e+09
1.79888e+09
3.69705e+08
8.30517e+07
2.77459e+08
6.54308e+07
1.16381e+09
8.51709e+08
6.69278e+08
1.56445e+09
1.89344e+09
1.93092e+09
1.12771e+09
1.6398e+09
3.58887e+08
1.62296e+09
1.45908e+09
5.15645e+08
5.2668e+08
2.02083e+09
7.19773e+08
3.7067e+08
5.23066e+08
9.94076e+08
1.58611e+09
4.92278e+08
8.35557e+08
1.29352e+08
2.11248e+09
1.77344e+09
3.53918e+08
1.60028e+09
1.42483e+09
7.23622e+08
1.68333e+09
1.70229e+09
7.89053e+08
6.99656e+08
4.06513e+08
1.45833e+09
1.16627e+08
1.52469e+08
1.24177e+09
1.24433e+09
1.79227e+09
1.60066e+09
7.19809e+08
1.10387e+09
2.1163e+09
1.24649e+09
9.77217e+08
6.88592e+08
1.61716e+09
1.50028e+09
1.68267e+09
1.05579e+09
1.99256e+09
3.70741e+08
1.18514e+09
1.95756e+09
2.14418e+09
1.53906e+09
1.41035e+09
1.42152e+09
1.15198e+08
9.46196e+08
9.76325e+08
9.04251e+08
1.64585e+09
1.38284e+09
2.15099e+08
1.76248e+09
1.53531e+09
1.45687e+09
8.59328e+08
1.1801e+09
9.10045e+08
1.57914e+09
1.36481e+08
8.78864e+08
6.78143e+08
1.1137e+09
1.56746e+09
1.47818e+08
4.66497e+08
1.10264e+09
1.20361e+09
3.11574e+08
1.47338e+09
2.41267e+08
1.21651e+08
1.47008e+09
1.78033e+09
1.532e+09
7.44113e+08
1.89552e+09
3.30716e+08
1.72044e+09
6.52292e+08
1.97657e+09
9.55792e+08
8.67391e+08
1.59156e+09
3.43615e+08
1.76778e+08
3.03407e+08
1.52371e+09
1.08682e+09
1.88254e+09
1.66019e+09
1.96569e+09
4.13204e+08
6.26406e+08
1.38566e+09
5.61022e+08
1.0929e+09
3.40816e+08
1.76463e+09
1.40448e+09
1.8142e+09
2.0059e+09
1.52613e+09
1.13679e+09
1.63874e+09
9.10647e+08
1.8809e+09
1.38678e+09
1.24136e+09
1.45386e+09
2.03907e+09
1.07045e+09
2.62165e+08
7.58981e+08
5.14525e+08
6.0578e+08
9.35759e+08
8.17931e+08
2.12949e+09
2.02258e+09
5.52992e+08
1.6422e+09
1.84078e+09
9.66196e+08
1.21123e+08
1.07896e+09
1.52722e+09
1.21403e+09
1.41978e+09
1.14436e+09
4.71018e+08
1.08649e+09
1.00278e+09
1.99715e+09
7.57963e+07
4.94034e+08
7.60308e+08
1.9567e+09
1.88081e+09
2.00167e+09
1.26307e+09
1.7724e+09
9.24633e+08
1.52524e+09
3.83902e+08
1.43916e+09
2.13102e+09
1.31966e+09
1.09605e+08
2.11303e+09
1.19476e+09
6.62597e+08
1.60774e+09
8.88059e+08
1.62879e+09
1.72887e+09
1.96702e+09
1.00853e+09
7.95407e+08
1.23931e+09
5.40648e+06
1.26643e+09
1.78317e+08
1.00818e+09
1.11609e+09
2.54114e+08
1.50222e+09
1.8764e+09
6.33293e+07
1.23555e+09
1.73058e+09
1.3264e+09
8.6047e+08
5.07731e+08
7.04156e+08
1.24437e+09
1.94689e+09
6.87691e+08
4.1655e+08
2.05649e+09
6.53234e+08
1.61131e+09
5.71607e+08
1.13494e+08
3.51883e+08
5.29157e+07
1.84236e+09
1.71418e+08
1.06144e+09
4.90283e+08
1.41073e+09
1.06685e+09
1.75671e+09
1.58905e+09
2.07503e+09
7.25312e+08
1.84316e+09
1.42977e+09
4.54224e+08
1.90649e+09
5.17831e+08
3.7322e+07
1.08541e+09
1.3783e+09
5.45053e+08
1.78956e+09
4.75189e+08
3.44458e+08
3.29772e+08
8.91738e+08
2.53468e+08
9.83006e+08
3.55563e+08
8.25075e+08
1.0965e+09
7.07446e+08
8.7799e+08
7.91375e+08
8.78865e+08
1.93943e+09
1.28166e+09
1.4211e+08
8.58797e+08
8.90883e+08
1.73116e+09
7.86346e+08
1.6162e+09
1.42683e+09
6.86281e+07
2.07042e+09
1.18584e+09
5.86459e+08
2.10774e+09
1.23764e+08
1.96476e+09
5.05311e+08
1.91333e+09
2.92465e+08
8.49769e+08
9.5616e+07
1.1842e+09
1.10324e+09
1.07862e+09
1.53977e+09
1.92831e+09
2.76375e+07
9.9729e+07
6.58818e+08
8.19013e+08
9.78594e+08
4.50766e+08
2.10067e+09
1.1207e+09
1.30956e+09
8.44071e+08
7.04377e+08
2.09591e+09
3.12782e+08
2.13121e+09
1.70538e+07
2.35718e+08
1.16957e+09
6.03513e+08
1.95975e+08
1.29333e+09
4.20789e+08
7.01286e+08
1.05917e+09
7.13254e+08
1.55105e+09
1.15479e+09
1.89746e+09
5.06807e+08
8.59282e+07
1.28974e+09
2.87635e+08
1.13566e+08
1.38947e+09
9.46453e+08
9.32578e+08
2.20579e+08
1.39722e+09
8.85766e+08
1.34128e+09
5.59299e+08
1.72984e+09
2.04566e+09
5.07725e+08
2.04262e+09
2.02939e+09
5.24779e+08
1.30853e+08
1.05147e+09
1.12829e+09
3.26829e+08
1.97315e+08
1.54908e+09
1.02811e+09
1.25649e+09
1.1485e+08
4.31686e+08
2.63796e+08
2.01231e+09
9.38493e+08
3.49724e+08
1.15456e+09
1.22613e+09
4.6329e+08
3.96548e+08
2.50971e+07
1.39587e+09
6.17127e+08
1.42232e+09
1.3415e+08
1.95841e+09
1.98162e+09
1.86399e+09
1.85659e+09
3.41857e+08
1.75912e+09
1.73849e+09
8.66635e+08
1.88998e+09
6.42473e+08
1.99493e+09
6.93209e+07
8.39789e+08
1.39652e+09
1.09744e+09
2.09628e+09
1.51137e+09
1.52912e+09
2.1259e+08
1.3762e+09
3.20131e+08
5.62314e+08
3.83276e+08
1.54626e+09
1.0256e+09
7.79824e+08
1.57136e+09
2.73988e+08
1.39695e+09
8.46189e+08
4.08139e+08
1.20788e+09
6.8032e+08
1.24642e+08
9.16978e+08
1.02218e+09
1.88376e+09
5.07982e+08
1.88881e+09
1.62626e+09
1.15046e+09
1.73626e+09
1.69558e+09
1.99024e+09
9.85295e+08
6.4553e+08
1.93904e+09
3.49184e+08
2.71676e+07
4.14488e+06
1.72538e+09
3.47299e+08
5.66459e+08
2.10866e+09
1.89356e+09
1.59206e+09
7.40997e+08
1.31743e+09
1.86605e+09
2.13795e+09
1.6135e+07
1.26706e+08
1.19834e+09
6.96455e+08
2.51349e+08
2.11532e+09
1.71863e+09
2.13511e+09
4.75816e+08
1.45996e+09
1.61389e+09
1.62627e+09
1.04873e+09
1.16198e+09
1.46903e+09
2.03403e+09
1.80751e+09
1.26059e+09
2.35728e+08
1.83468e+09
1.26473e+09
1.96111e+09
3.44932e+07
1.83119e+09
1.92228e+09
1.92805e+09
1.27577e+09
5.15794e+08
1.098e+09
9.94338e+08
5.06258e+08
1.11413e+09
1.12104e+09
1.7046e+09
1.81059e+09
1.37239e+09
1.67243e+09
1.38174e+09
1.36002e+09
764293
6.94214e+08
8.26426e+08
1.62704e+09
1.74295e+09
1.98841e+09
9.48585e+08
1.62949e+09
1.64843e+09
6.1688e+07
1.86522e+09
1.33563e+09
1.32642e+09
1.67884e+09
1.37012e+09
1.01013e+09
1.45364e+09
1.15069e+09
1.38413e+08
1.96943e+09
1.01202e+08
1.13275e+09
3.28208e+08
1.21533e+09
1.06311e+08
2.03281e+09
8.78438e+08
1.4787e+09
1.55775e+09
1.12691e+08
6.91243e+08
1.55852e+09
8.06904e+08
1.51767e+09
1.03807e+09
4.02367e+08
1.35859e+09
1.98666e+09
2.03186e+09
8.59542e+08
2.04834e+09
1.74959e+09
4.76873e+07
1.22728e+09
1.28095e+09
1.41781e+09
8.9923e+07
5.87103e+08
4.21014e+08
2.28336e+08
4.09053e+08
5.22217e+08
1.36109e+09
7.37261e+08
1.73755e+09
1.4674e+09
6.22583e+08
4.68506e+08
7.98619e+08
3.28537e+07
5.81197e+08
1.48986e+09
1.59137e+09
1.3881e+09
8.60048e+08
4.81959e+08
1.79047e+09
7.11568e+07
3.21131e+08
1.67484e+09
9.30699e+08
2.21991e+08
1.27695e+09
9.78386e+08
1.44927e+09
4.1041e+08
2.48712e+08
1.53919e+09
9.97513e+08
6.69726e+08
1.76753e+09
1.40657e+09
1.19194e+09
9.81133e+08
2.14383e+09
7.8201e+08
3.01048e+08
6.18926e+08
1.25052e+09
1.09967e+09
6.5178e+08
1.83171e+09
4.42047e+08
9.56682e+07
1.07233e+09
1.30209e+09
5.77627e+08
7.15314e+08
1.37325e+09
8.98758e+08
2.4267e+08
1.56467e+08
1.12075e+09
1.51962e+09
1.13485e+09
4.22535e+08
1.93003e+09
1.38357e+09
1.96173e+09
7.80055e+08
2.05329e+09
1.58177e+09
3.91372e+07
1.09775e+09
4.15424e+08
3.54801e+07
1.87976e+09
7.16472e+08
6.54406e+08
9.82793e+08
1.81614e+09
1.30619e+09
6.67021e+08
1.10703e+08
1.40185e+09
1.73935e+09
1.4128e+09
1.97948e+09
3.07181e+08
6.38566e+08
7.30756e+08
5.49851e+08
7.95033e+08
1.8515e+09
2.06947e+09
1.92989e+09
1.26556e+08
1.85201e+09
1.16597e+09
2.08828e+09
4.84582e+08
1.07178e+09
1.52257e+09
5.23719e+08
2.20441e+07
1.938e+09
5.59199e+08
1.9018e+09
5.06987e+08
1.21361e+09
7.37114e+08
1.75643e+08
3.72307e+08
1.40414e+09
2.86346e+08
1.77416e+09
9.96003e+08
1.69914e+09
1.60616e+09
1.30318e+09
1.90226e+08
1.89432e+08
1.85303e+09
9.8526e+08
2.04094e+09
1.77502e+09
7.67663e+08
2.00094e+07
1.47955e+09
1.93363e+09
2.10829e+09
1.96413e+09
8.57926e+08
1.48339e+09
3.40362e+08
8.7997e+08
1.2739e+09
8.99561e+08
6.34291e+08
1.78089e+09
2.11317e+09
1.37141e+09
1.95653e+09
3.3799e+08
6.28057e+08
9.53925e+07
2.11215e+09
1.62406e+09
1.79454e+09
1.57083e+09
7.79759e+08
1.98476e+09
1.76026e+09
4.8531e+08
8.22539e+08
1.65371e+09
1.12845e+08
1.5902e+09
1.67372e+09
1.59239e+09
1.37635e+09
1.63453e+09
1.40903e+09
8.67935e+07
9.70434e+08
1.7494e+09
9.66764e+08
9.68506e+07
5.01474e+08
1.60106e+09
1.87774e+09
4.67157e+08
8.24977e+08
1.68678e+09
8.05148e+08
1.45303e+09
1.78218e+09
7.69816e+08
9.29609e+08
1.42923e+09
1.93159e+08
1.70937e+09
1.26651e+09
1.95342e+09
4.71953e+07
2.08905e+09
1.45965e+09
1.60041e+08
1.53177e+09
9.85885e+08
1.75243e+09
7.60634e+08
4.72933e+08
1.01398e+09
8.47427e+08
1.44337e+09
6.15894e+08
1.81419e+09
1.54022e+09
1.11737e+09
1.26776e+09
1.27047e+09
1.58453e+09
2.09274e+09
8.09772e+08
2.42189e+08
1.39829e+09
4.44466e+08
1.012e+09
1.80415e+08
1.8737e+09
1.20516e+09
1.88978e+09
9.92721e+08
1.0111e+09
1.93698e+09
9.34284e+08
3.23262e+08
2.09702e+09
3.18567e+08
1.30915e+09
1.70197e+09
1.0792e+09
1.78208e+09
5.68465e+08
1.92663e+09
1.07796e+09
1.18436e+09
1.59333e+09
4.70697e+08
1.54244e+08
7.13614e+08
1.74117e+09
1.73877e+09
6.58869e+08
4.03457e+08
1.98096e+09
2.05716e+09
8.47922e+08
8.45479e+08
9.00897e+07
5.74134e+08
2.05064e+09
1.97987e+09
1.56685e+09
9.14259e+08
1.76937e+09
3.53655e+08
1.23752e+09
1.7189e+09
6.72222e+08
3.99185e+08
1.27339e+09
1.75142e+09
3.37811e+07
1.84185e+09
1.53057e+09
1.11174e+09
8.78728e+08
9.76418e+08
1.58244e+09
1.03297e+09
1.69003e+09
1.17612e+09
6.24257e+08
2.01418e+08
1.57958e+09
4.57732e+08
1.11093e+08
2.8002e+08
1.30321e+09
2.01182e+08
8.54154e+08
1.20637e+09
3.35717e+07
2.73525e+08
2.12063e+09
1.80294e+09
6.27181e+08
1.21067e+09
1.37436e+09
1.2994e+09
1.60985e+09
5.00264e+08
9.03342e+08
1.64363e+09
1.94633e+08
2.86426e+08
6.07894e+08
1.07336e+09
1.26284e+09
4.28511e+07
2.10633e+09
8.05393e+08
1.21898e+09
5.83107e+08
1.00681e+09
6.51074e+08
1.04084e+09
1.1179e+09
9.31094e+08
1.96566e+08
1.31909e+09
1.78525e+09
1.40294e+09
1.35266e+09
2.05877e+09
1.37608e+09
1.00811e+09
5.38471e+08
4.39268e+08
2.3499e+08
1.83787e+09
2.04912e+09
7.35254e+08
5.93733e+08
1.54527e+09
9.29887e+08
8.80158e+08
5.68149e+06
2.00325e+09
2.143e+09
4.85325e+07
1.9621e+09
8.00912e+08
1.26751e+09
3.97721e+08
1.80772e+09
1.91858e+09
1.43856e+09
7.78141e+08
7.02192e+08
1.63513e+09
2.09723e+09
3.39957e+08
8.90579e+08
1.3024e+09
2.51247e+08
1.19179e+08
1.63029e+08
7.89717e+08
5.58447e+08
3.98018e+08
4.80107e+08
4.60084e+08
1.13327e+09
1.07384e+09
2.00535e+09
2.06316e+09
1.954e+09
2.01104e+09
1.91892e+09
1.94952e+09
2.05957e+09
1.73354e+09
6.02945e+08
1.17959e+09
2.13126e+09
2.63184e+08
9.50692e+08
1.42234e+09
1.04132e+09
1.65288e+09
9.09977e+08
9.91067e+08
1.99284e+09
1.80056e+09
1.45983e+08
9.66038e+07
1.91973e+09
3.09011e+08
8.86321e+08
3.30697e+08
7.0703e+08
1.36643e+09
7.90781e+08
1.8403e+09
2.92785e+08
6.48652e+08
1.75598e+09
9.92993e+07
5.12204e+08
1.52742e+09
2.04882e+09
4.24289e+08
1.11347e+09
5.04278e+08
1.60388e+09
1.09725e+09
7.67462e+08
4.07091e+08
3.721e+08
1.80879e+09
2.05997e+09
1.28208e+09
6.5237e+08
1.90533e+09
9.35149e+08
7.98353e+08
2.00194e+09
7.074e+08
1.10736e+09
7.40773e+08
1.0381e+09
1.81439e+09
2.1072e+09
1.82888e+09
1.50721e+09
2.52502e+08
3.30047e+08
1.11571e+09
3.51801e+08
8.42251e+08
4.9564e+08
2.53134e+08
1.26654e+09
1.60911e+09
7.57413e+08
7.22939e+08
5.58878e+08
1.52487e+09
1.13003e+09
9.30978e+08
1.18618e+09
1.04252e+09
6.55712e+07
1.83855e+09
8.00369e+08
1.00072e+09
4.89416e+08
6.54821e+08
1.70812e+09
1.59678e+09
1.39559e+09
5.98735e+08
1.26369e+09
1.35531e+09
2.8013e+08
6.23418e+08
1.60781e+09
6.10177e+08
1.73912e+09
1.95962e+09
1.45243e+09
8.728e+07
6.52661e+07
5.71485e+08
1.69639e+09
8.22679e+08
1.29442e+09
1.07787e+08
2.0007e+08
2.76971e+08
1.03876e+09
1.38625e+09
1.31949e+09
1.10434e+09
1.07731e+09
2.11986e+09
2.10506e+09
1.56673e+09
6.27198e+08
1.66569e+09
1.01602e+09
2.02279e+09
1.16945e+08
1.3223e+08
1.23062e+09
3.97075e+08
7.55648e+08
6.9095e+08
1.00725e+09
3.47288e+08
5.03082e+08
3.12197e+08
4.34568e+08
5.68348e+08
8.83682e+08
2.13096e+09
1.39103e+09
3.06231e+07
9.12641e+07
1.5911e+09
3.07594e+08
1.13003e+09
8.2986e+08
1.62709e+09
8.68804e+07
1.90717e+09
1.59946e+09
4.4453e+07
1.32641e+09
7.9177e+07
1.71015e+09
1.94953e+08
2.10197e+09
1.82709e+09
3.27183e+08
1.18511e+09
7.66824e+07
1.08283e+09
1.87606e+09
1.08393e+09
1.43012e+09
2.31654e+08
1.39613e+09
1.86469e+09
8.00003e+08
1.3233e+08
1.84817e+09
4.35458e+07
1.62953e+08
1.93943e+09
1.63464e+09
4.70547e+08
9.21975e+08
3.17018e+08
2.09763e+09
1.00886e+09
7.67047e+07
1.54961e+09
1.05331e+09
1.40312e+09
1.62879e+09
6.15971e+08
1.59807e+09
1.58327e+09
2.95578e+08
1.92525e+09
6.20896e+08
3.72261e+08
8.60602e+08
3.49468e+08
1.4562e+09
1.43238e+08
5.81123e+08
7.04843e+08
2.00793e+09
1.38113e+09
8.37173e+08
1.70861e+09
1.42467e+09
1.00013e+09
1.50055e+09
9.1183e+08
1.47067e+09
2.75046e+08
1.22885e+09
1.42082e+09
1.2839e+09
1.30555e+09
8.22949e+08
1.89725e+08
5.61187e+08
3.04253e+08
8.05696e+08
1.17744e+07
1.88753e+09
1.10127e+09
1.93703e+09
3.60939e+08
1.47354e+09
6.50147e+08
7.10407e+08
7.82247e+08
7.93386e+08
1.29153e+09
1.48709e+09
6.53829e+08
5.25172e+08
1.76779e+08
2.14954e+08
1.94984e+09
1.1769e+09
1.71551e+09
7.14189e+08
5.00093e+08
1.99055e+09
1.94304e+09
1.92091e+09
1.12697e+09
1.10111e+09
5.96379e+08
1.3167e+09
1.66229e+09
9.00633e+08
2.12239e+09
1.67407e+09
6.40676e+08
1.07618e+09
1.46361e+09
1.00162e+09
4.02235e+08
2.11376e+09
1.71202e+09
1.18448e+09
7.59662e+08
8.56069e+08
5.24088e+08
1.41349e+09
1.38124e+09
7.00867e+08
1.62844e+09
1.1836e+09
1.87777e+09
1.19647e+09
1.89779e+09
2.30381e+08
1.03954e+09
1.69334e+09
3.81132e+06
1.90271e+07
6.46965e+08
6.00191e+08
1.33572e+09
1.61774e+08
1.50082e+09
1.31063e+09
1.83584e+09
2.1415e+09
2.39333e+08
1.15197e+09
9.95631e+08
6.41568e+08
1.11825e+09
5.6017e+08
1.82605e+09
1.87791e+09
1.41624e+09
2.02654e+08
1.14392e+09
6.49996e+08
9.03521e+08
6.24876e+08
1.8336e+09
6.33808e+08
1.82135e+09
1.5839e+09
8.64189e+08
7.13401e+08
1.12976e+09
8.68e+08
7.32428e+08
1.77673e+09
1.46819e+09
2.06815e+09
1.9385e+09
8.2153e+08
1.2313e+09
1.62686e+09
8.15546e+08
1.47063e+09
6.31346e+08
1.81118e+09
2.1122e+09
1.74959e+09
2.23862e+08
1.79077e+09
1.48002e+09
1.6401e+09
1.99342e+09
4.76449e+08
1.42613e+08
7.49457e+08
1.10133e+09
1.97621e+09
1.38327e+09
7.75187e+08
1.41263e+09
9.99704e+07
1.48859e+09
3.94907e+08
9.6797e+08
7.35324e+07
2.41506e+07
2.88677e+08
2.14168e+09
1.96265e+09
1.11021e+09
1.2255e+09
1.44203e+09
1.92575e+09
5.48651e+08
2.07337e+09
1.58945e+09
5.13368e+08
1.67548e+09
1.81331e+09
1.56652e+08
1.00802e+09
1.30592e+09
2.58858e+06
1.48447e+09
1.44854e+09
7.52046e+08
4.38308e+08
1.27726e+09
2.13531e+09
1.21349e+09
5.42409e+08
8.77982e+07
5.54599e+08
9.37316e+08
1.05577e+09
6.28131e+08
9.61467e+08
1.34445e+09
6.22332e+08
7.76635e+08
3.0717e+08
1.84783e+09
7.11793e+07
8.54392e+07
2.49001e+08
2.14455e+09
1.67488e+09
7.62369e+08
1.67255e+09
1.34071e+09
9.19021e+08
5.33086e+08
4.99149e+08
9.21609e+08
2.01755e+09
1.94769e+09
1.67366e+09
3.08376e+08
1.07747e+09
1.66148e+09
1.52187e+09
1.61988e+09
1.74928e+09
2.07647e+09
4.09708e+08
6.57566e+08
5.57118e+08
1.37117e+09
2.00201e+09
1.17945e+09
325782
1.61699e+08
8.79799e+08
7.15051e+07
2.47138e+08
1.1288e+09
6.85748e+07
1.92202e+09
1.89117e+09
1.74113e+09
1.11525e+09
6.62706e+08
1.26729e+08
1.6144e+09
1.58432e+09
2.14428e+09
1.4146e+09
1.11049e+09
3.05173e+08
3.44582e+08
6.24487e+08
1.82704e+09
1.96446e+09
2.26285e+08
1.75603e+09
2.26682e+08
8.83852e+08
1.65664e+08
1.59786e+09
7.3838e+08
1.34511e+09
1.59818e+09
9.00079e+08
7.74288e+07
1.66969e+09
1.14722e+09
1.20623e+09
1.73826e+09
9.21756e+08
9.49914e+08
1.33191e+09
2.037e+09
1.61262e+09
1.45863e+09
1.50392e+09
1.04945e+09
1.45543e+09
7.71031e+08
1.24572e+07
1.76061e+09
1.11561e+09
6.36945e+08
1.44017e+09
9.32588e+08
8.6323e+08
1.04871e+09
1.15927e+09
1.74708e+09
1.21437e+09
6.09642e+08
3.37978e+08
4.12004e+08
6.03401e+07
1.23806e+09
4.89433e+08
1.73003e+09
2.37791e+08
1.69566e+09
1.32081e+09
1.15955e+09
4.98093e+08
5.05227e+08
1.04907e+09
2.11071e+09
1.96386e+09
4.05498e+08
1.01268e+09
1.27181e+09
1.17653e+09
1.02514e+09
8.84932e+08
1.4466e+08
1.66208e+09
1.77613e+08
1.07725e+09
3.77831e+08
1.22632e+09
8.90332e+07
2.12491e+09
2.93216e+08
6.98675e+08
3.15406e+08
7.0522e+08
7.59015e+08
1.55346e+09
1.19465e+09
3.41559e+08
1.79125e+09
7.42832e+08
1.66236e+09
8.03317e+08
1.24092e+09
2.01072e+07
1.85238e+09
1.20415e+09
1.98397e+09
1.10398e+08
6.93544e+07
1.1083e+09
1.28693e+09
1.09449e+09
1.99323e+09
1.43159e+09
6.09096e+08
2.33564e+07
3.61351e+08
9.86927e+08
1.24968e+09
4.50385e+08
9.64355e+08
1.5429e+09
1.14906e+09
1.27976e+09
1.00633e+08
1.90807e+09
6.85742e+08
1.29529e+09
1.0215e+08
3.29512e+08
2.03812e+09
1.76451e+09
1.13283e+09
1.13156e+09
1.78462e+09
8.37729e+08
1.88231e+08
1.62111e+09
9.48127e+08
2.57585e+08
5.81918e+08
8.75718e+07
1.35208e+09
4.27661e+08
1.51916e+09
1.96118e+09
4.51017e+08
1.88051e+09
8.00619e+08
1.7007e+09
1.83412e+08
1.76497e+09
1.09611e+09
1.33247e+09
8.97253e+08
1.19674e+09
1.09306e+09
1.58299e+09
3.44547e+08
1.19521e+09
1.91251e+09
2.35181e+08
8.12242e+08
8.97853e+08
1.36674e+09
4.49379e+08
1.73558e+09
1.55497e+09
2.07049e+09
5.36226e+08
1.81256e+09
5.04919e+08
6.23798e+08
1.01715e+09
9.3258e+08
2.14296e+09
8.30844e+08
1.3836e+09
1.87598e+09
1.63146e+09
9.36812e+08
2.0594e+09
1.24895e+09
2.03292e+09
1.24438e+09
2.14621e+09
1.08218e+09
1.89964e+08
1.58172e+09
1.42673e+09
1.38518e+09
1.34674e+09
1.66191e+09
4.99348e+07
9.71105e+07
8.81169e+08
4.99314e+08
1.83269e+09
2.88656e+08
4.22316e+08
2.21435e+08
2.10121e+09
9.27235e+08
8.45233e+08
9.70881e+08
1.85982e+09
8.40706e+08
1.80173e+09
1.09593e+09
5.69207e+08
1.2857e+09
2.03274e+09
4.8112e+08
3.87176e+08
1.91818e+09
1.7255e+09
3.85899e+08
8.52882e+08
1.91547e+09
1.96762e+09
1.32129e+08
1.15316e+09
1.16688e+09
1.79404e+09
1.2031e+09
1.26399e+09
5.27725e+08
1.70241e+09
9.49195e+08
8.16381e+08
2.12473e+09
1.17063e+09
7.7011e+08
9.04477e+08
2.01586e+09
1.74099e+09
6.16808e+08
7.09085e+08
1.39523e+09
1.71274e+09
1.27829e+09
5.33453e+08
1.598e+09
1.75941e+09
9.20629e+08
1.36869e+09
1.33743e+09
1.30653e+09
7.40915e+07
1.10542e+09
1.12666e+09
2.0622e+08
1.11095e+08
1.46054e+08
2.00026e+09
1.31419e+09
1.41004e+09
3.80502e+08
8.69117e+08
2.11751e+08
1.19688e+09
8.46359e+08
1.38238e+09
1.96699e+09
1.75084e+09
1.25076e+09
1.5605e+09
2.20161e+08
1.95984e+09
8.08248e+08
1.9329e+09
1.09065e+09
1.3417e+09
1.38341e+09
7.02582e+08
1.14847e+08
6.0462e+08
2.04001e+09
1.42138e+09
6.78712e+08
9.97949e+08
4.00554e+08
8.84932e+08
1.10904e+09
5.46609e+08
7.37708e+08
2.75751e+08
1.95665e+09
1.11821e+09
1.14487e+09
2.09165e+07
1.6761e+08
1.99123e+09
1.4033e+09
2.1346e+09
1.59458e+09
5.06574e+08
1.54762e+09
1.81474e+09
3.18935e+08
2.08385e+08
1.60015e+09
1.40959e+09
1.55009e+09
8.36081e+08
2.11217e+09
1.66493e+09
1.4407e+09
2.0047e+09
9.38825e+08
2.11941e+09
8.55166e+08
1.33938e+09
8.5686e+08
1.96421e+09
1.88599e+09
1.59457e+09
9.24762e+07
1.69515e+09
5.65295e+08
1.23734e+09
1.71607e+09
7.32905e+08
1.08109e+09
9.71884e+08
7.20025e+08
5.28182e+08
1.47846e+09
1.20161e+08
1.95438e+08
1.79739e+09
3.28545e+08
1.79559e+09
1.0595e+09
1.87863e+09
4.84188e+08
1.02418e+09
1.39608e+09
1.92489e+09
8.81401e+08
1.87423e+08
1.89682e+09
1.73657e+09
1.5268e+09
6.06194e+08
1.55329e+09
1.26531e+09
5.32788e+07
1.64577e+09
8.12977e+08
6.18574e+08
7.35629e+08
3.81563e+08
1.35148e+09
1.81672e+09
1.35345e+09
2.0715e+09
1.97414e+08
6.84421e+08
4.41801e+07
3.92852e+08
3.3433e+08
3.72726e+08
4.09599e+07
1.39383e+09
1.03874e+08
5.25148e+08
2.70529e+08
1.49996e+09
3.02554e+08
1.15193e+09
1.68738e+09
5.18878e+07
7.41014e+08
1.0667e+09
6.58082e+08
1.46823e+08
1.8452e+08
7.11361e+08
1.79259e+09
9.97497e+08
1.32993e+09
3.80737e+08
1.37906e+09
5.33929e+08
4.99698e+07
5.85023e+08
4.57949e+08
2.47384e+08
1.26944e+09
5.02129e+08
6.40236e+08
1.60377e+09
8.74854e+08
6.81196e+08
8.50119e+08
9.78728e+08
1.20634e+09
1.12065e+09
3.31199e+08
1.5089e+09
1.25094e+08
2.01858e+09
1.56079e+09
8.66108e+08
9.37791e+08
7.13841e+07
1.01293e+09
1.12231e+09
7.82745e+08
6.5804e+08
2.11981e+09
2.11268e+09
1.03878e+09
1.35138e+09
4.99125e+08
1.08875e+09
1.93641e+09
9.57073e+08
1.33613e+09
1.05837e+09
1.4592e+09
1.97637e+09
5.14657e+08
1.86572e+08
5.10079e+08
1.36478e+09
1.1653e+09
1.71642e+09
3.3794e+08
1.4965e+09
1.07784e+09
4.63035e+08
1.36759e+09
4.9114e+08
1.32914e+09
1.579e+08
5.62524e+08
1.94591e+08
1.28021e+09
1.34527e+09
8.52631e+08
1.25254e+09
1.31046e+09
1.89141e+09
4.56436e+08
1.80959e+09
8.32671e+08
2.45359e+08
6.19179e+08
2.13183e+07
1.30373e+09
2.07838e+09
1.99769e+09
1.81838e+09
1.17469e+08
3.60281e+08
1.03568e+09
1.28277e+09
2.0767e+09
1.37362e+09
6.31784e+08
1.00706e+09
1.83665e+09
1.99938e+09
1.4982e+09
1.01831e+09
9.79311e+06
2.06072e+09
1.2129e+09
1.29e+09
1.25851e+09
2.06553e+09
3.95055e+08
4.21489e+08
1.80946e+09
8.51491e+08
8.35949e+07
4.94643e+08
1.09685e+09
7.02774e+08
5.15961e+08
2.53092e+08
6.3367e+08
3.66163e+08
2.07147e+09
7.51139e+08
7.26444e+08
9.59667e+08
2.03391e+09
6.55665e+08
1.85799e+08
5.18209e+08
1.66272e+09
2.02245e+09
3.70102e+08
1.01344e+09
8.93276e+08
3.79896e+08
9.26679e+08
2.10618e+09
1.6699e+09
3.77035e+07
2.02423e+09
2.06495e+09
4.59193e+08
1.6862e+09
7.68961e+08
5.42788e+08
3.33566e+07
1.86581e+09
1.24556e+09
5.49318e+08
2.1189e+09
1.87923e+09
9.15481e+08
2.04289e+09
4.82888e+08
1.64192e+09
8.55077e+08
3.69312e+08
1.50106e+08
1.04088e+09
8.87521e+08
1.81283e+09
9.15842e+08
1.25762e+09
6.78785e+08
1.80912e+09
1.63752e+09
1.60546e+09
1.76781e+09
1.15993e+09
1.64317e+09
1.64455e+09
1.07741e+09
2.10236e+09
1.18327e+09
1.84637e+09
4.97664e+08
1.21662e+09
1.56469e+09
1.74323e+09
1.76594e+09
1.53611e+09
1.47497e+09
5.33939e+08
1.43152e+09
1.95786e+09
2.83796e+07
1.39116e+08
1.7969e+08
1.78486e+08
1.17999e+09
1.06721e+09
1.99132e+09
2.09583e+09
1.77352e+08
5.22617e+08
1.75747e+09
1.81487e+09
2.12808e+09
1.3778e+09
8.27322e+08
1.62376e+09
8.74866e+08
1.90473e+09
1.57864e+09
2.05813e+09
1.60361e+09
2.07631e+09
1.12727e+09
1.02082e+09
1.67205e+09
7.45731e+08
4.09453e+08
9.99538e+08
1.27967e+09
1.84098e+09
8.09916e+08
1.30805e+09
1.98009e+09
9.89606e+08
1.48653e+09
1.0126e+09
2.05682e+09
1.33037e+09
9.6095e+08
8.66858e+07
1.85298e+09
5.70934e+08
1.90156e+09
1.83358e+09
1.94873e+09
5.81396e+08
1.30986e+09
6.76112e+08
3.3864e+08
7.41018e+08
5.86761e+08
1.94225e+09
6.6984e+08
1.71403e+09
8.15591e+08
1.94404e+08
3.12282e+08
1.22504e+09
1.19394e+09
1.59195e+09
9.18536e+08
2.00386e+09
7.52517e+08
7.51144e+08
8.45981e+08
9.15683e+07
1.76374e+09
7.55315e+08
1.42193e+09
5.7721e+08
8.42001e+08
1.12743e+09
1.14814e+09
5.96074e+08
8.13531e+08
9.49391e+08
1.17747e+09
2.12339e+09
1.6255e+09
1.51611e+09
7.16927e+08
6.47803e+07
1.31088e+09
1.38677e+09
1.77881e+09
2.12647e+09
1.58117e+09
2.0911e+09
1.20403e+09
6.2763e+08
1.53556e+09
2.12257e+09
4.84005e+08
1.40598e+08
7.26226e+08
1.32999e+09
2.32166e+08
3.42487e+08
2.0853e+09
1.6541e+09
9.19697e+08
7.79818e+08
6.34052e+08
2.06784e+09
1.37589e+09
1.44758e+09
8.69749e+08
4.05878e+08
1.42349e+09
3.47768e+08
1.92199e+09
2.14042e+09
4.12548e+08
1.08538e+09
1.3797e+09
4.38791e+07
1.06437e+09
8.1339e+08
2.13498e+09
1.20914e+08
1.44102e+09
1.52306e+09
9.59955e+07
1.92502e+09
1.66365e+09
8.22222e+08
1.10753e+09
1.89582e+09
1.16471e+09
1.04534e+09
1.40244e+09
2.08441e+09
1.82516e+09
2.03649e+09
2.00476e+09
1.05357e+09
1.33659e+09
7.2703e+08
1.45945e+09
6.12597e+08
1.0748e+09
1.23395e+09
6.05533e+08
1.48735e+09
1.71849e+08
1.98523e+09
1.53122e+09
1.23622e+09
6.51142e+08
1.51872e+09
1.35713e+09
2.09216e+09
8.94289e+08
1.45313e+09
1.8697e+09
4.1046e+08
1.27864e+08
8.29746e+08
1.58797e+08
1.29257e+09
1.87509e+09
1.56123e+09
1.2295e+09
1.55277e+09
1.45024e+09
1.08678e+09
4.58852e+08
6.39346e+08
1.81381e+09
1.9183e+09
1.25194e+09
7.41119e+08
1.00477e+09
1.85748e+09
8.09806e+07
1.17662e+09
1.69523e+09
1.6122e+09
2.65348e+08
1.98885e+08
9.83437e+08
1.62248e+09
1.43563e+08
1.87773e+09
9.28121e+08
2.01327e+09
1.40703e+08
1.05598e+09
6.95528e+08
2.99499e+08
2.01074e+08
4.23134e+08
1.86073e+09
1.43057e+09
1.9759e+09
1.16349e+09
3.69862e+08
2.87269e+08
1.80284e+09
3.61836e+07
5.80843e+07
9.07297e+08
7.77303e+08
1.06285e+09
6.1729e+08
8.58283e+08
9.19823e+07
1.65034e+08
3.23005e+08
3.57331e+08
3.63919e+08
1.30644e+09
1.97981e+09
5.07482e+08
1.03668e+09
7.60446e+08
3.73265e+08
1.17739e+09
1.81643e+09
1.06879e+09
1.47689e+09
2.0175e+09
1.49193e+09
1.19014e+09
1.30059e+09
1.32034e+09
2.06144e+08
1.67045e+09
1.60761e+09
2.00898e+09
1.70664e+09
1.6657e+09
7.68795e+08
3.36454e+08
5.81063e+08
1.38609e+09
1.19474e+09
6.73046e+08
1.55112e+09
1.51774e+09
1.03038e+09
1.91504e+09
6.76701e+08
8.62702e+08
2.75037e+08
1.71339e+09
1.62315e+09
6.48302e+08
7.43289e+08
1.29209e+09
1.71709e+09
7.26922e+07
1.16212e+09
1.06154e+09
1.26283e+09
3.15222e+08
2.34397e+08
1.46897e+09
1.98567e+09
1.84201e+09
1.33047e+09
1.54483e+09
1.36022e+09
2.09927e+09
1.88128e+09
1.94129e+09
1.33787e+09
9.28534e+08
4.66847e+08
7.41504e+08
2.98792e+08
1.49722e+09
5.09059e+08
9.75493e+08
2.12442e+08
7.84095e+08
5.41395e+08
1.83559e+09
1.4324e+09
1.28468e+09
9.80201e+08
1.00201e+09
1.35738e+09
2.14232e+09
2.06355e+09
4.72722e+08
3.10055e+08
1.50459e+08
1.9417e+09
1.48246e+08
1.99247e+09
1.12468e+09
1.69307e+09
1.20521e+09
1.07647e+09
1.42687e+09
9.99009e+08
2.66852e+08
2.07917e+08
1.46586e+09
1.00836e+09
5.0671e+08
8.15597e+08
1.51742e+09
1.4822e+09
1.02804e+09
1.54027e+08
2.0236e+09
7.16144e+08
1.58642e+09
1.1608e+09
1.69635e+09
4.40948e+08
3.7069e+08
1.69118e+09
3.5701e+08
8.43411e+08
2.00123e+09
5.0747e+08
6.37623e+08
1.99543e+06
3.52455e+08
1.76231e+09
1.69507e+09
1.55766e+09
6.9129e+08
9.7445e+08
4.09187e+08
9.58142e+08
1.18237e+09
1.87504e+09
1.9665e+09
1.68908e+09
5.43157e+08
1.33643e+09
1.0238e+09
1.57119e+09
1.49046e+09
8.99909e+08
1.39855e+08
9.29396e+08
2.06071e+09
1.8362e+09
1.37034e+09
2.83912e+08
1.3799e+09
1.72736e+09
1.12732e+09
1.23364e+09
8.73411e+07
1.76495e+09
1.23564e+09
4.39796e+08
1.37977e+09
7.83223e+08
1.99746e+09
2.07106e+09
1.75767e+09
2.59161e+08
8.81717e+08
7.92556e+08
2.1342e+09
7.00732e+08
3.34149e+08
5.29878e+08
2.03716e+09
1.35794e+09
2.10107e+09
1.38013e+09
1.1037e+08
9.34444e+07
1.62046e+08
2.35928e+07
1.92964e+09
1.53239e+09
3.07505e+08
1.16206e+09
1.11226e+09
1.43483e+09
2.48218e+08
1.1996e+09
1.05229e+09
1.48386e+09
1.6394e+09
2.84578e+08
1.19597e+08
1.48937e+09
2.08154e+08
1.87727e+09
1.74854e+09
1.08987e+09
5.22343e+08
1.73526e+09
1.7906e+09
8.56492e+08
1.17651e+08
1.68028e+09
6.69529e+07
7.12397e+07
9.1293e+08
1.77323e+08
1.64684e+08
1.07498e+09
2.00916e+08
2.09433e+09
4.59884e+08
5.08421e+08
1.1089e+09
1.57215e+09
1.94325e+09
1.35712e+09
6.24267e+08
8.48059e+08
6.93493e+08
1.16183e+08
1.13264e+09
8.13091e+08
1.60556e+09
1.34079e+09
5.42877e+08
1.20661e+09
2.83178e+08
1.06522e+09
7.94381e+08
2.07378e+09
1.92171e+09
9.12031e+08
1.60658e+09
1.98866e+09
9.83271e+08
3.72024e+08
1.85042e+07
1.14796e+09
1.447e+09
2.1942e+08
1.0948e+09
1.90688e+09
7.27841e+08
5.62184e+07
1.33155e+09
5.23607e+08
1.41334e+09
1.95581e+09
1.37167e+09
2.10683e+09
2.072e+09
3.56819e+08
7.72438e+08
1.53007e+09
1.69761e+09
1.31532e+09
5.89195e+08
1.98079e+09
2.33052e+08
1.38358e+09
1.90708e+09
7.28039e+06
1.48124e+08
1.36618e+09
1.99595e+09
1.13139e+09
1.7382e+09
2.01445e+09
1.31866e+08
1.03772e+09
8.63859e+07
1.22667e+09
7.9712e+08
8.14227e+08
1.28288e+09
2.12867e+09
1.33783e+09
5.48739e+08
1.937e+09
5.62017e+08
5.08086e+08
1.86151e+09
9.18836e+08
1.28052e+09
1.2441e+09
4.68962e+08
4.48356e+08
1.8333e+09
3.02266e+08
6.81408e+08
1.06939e+09
6.18674e+07
6.88689e+08
1.21751e+09
1.42805e+09
5.3715e+08
2.01423e+08
1.01876e+09
4.04116e+08
3.33289e+08
2.05648e+09
4.90502e+08
1.55995e+09
7.06118e+08
1.30473e+09
6.95356e+08
6.87302e+08
4.9508e+08
1.24409e+09
4.76817e+08
1.0571e+09
1.75218e+09
1.90847e+08
1.97593e+09
8.85222e+08
1.43495e+09
2.97412e+08
1.33358e+09
1.12076e+09
5.99679e+08
2.01499e+09
4.26636e+07
6.61546e+08
5.56191e+08
1.26018e+09
2.08959e+09
1.09334e+09
1.4616e+09
9.60872e+08
1.49746e+09
1.79489e+09
8.6987e+08
1.98796e+09
1.20736e+09
1.57599e+09
1.14521e+09
1.90271e+09
1.15807e+08
1.64029e+09
9.99325e+08
5.92625e+08
5.49899e+08
6.04022e+08
7.83472e+08
3.78348e+08
1.48924e+09
7.09351e+07
6.7576e+08
6.75338e+08
1.19169e+09
1.27544e+09
5.4284e+08
1.23436e+09
1.93698e+09
1.09903e+09
3.4705e+08
1.87909e+09
4.48891e+07
1.80865e+09
6.92481e+08
1.54235e+09
1.45605e+09
1.56235e+09
1.38282e+09
5.15924e+08
9.90856e+08
3.80545e+08
2.71154e+08
1.10666e+09
2.02083e+09
1.27048e+09
1.69929e+09
4.23245e+08
1.8745e+09
3.35276e+08
8.01593e+08
1.21626e+09
4.06211e+08
1.47735e+09
1.8916e+09
1.59791e+09
6.05308e+08
2.86954e+08
6.8478e+08
3.9481e+08
1.38599e+09
1.03183e+09
1.26419e+08
1.43087e+09
6.92993e+08
8.189e+08
8.25738e+08
1.55965e+06
2.33767e+08
6.10773e+07
5.17484e+08
1.22462e+09
4.41622e+08
7.88638e+08
1.83803e+08
3.14968e+08
2.05912e+09
1.88309e+09
7.38213e+08
1.78613e+09
7.08827e+07
1.53981e+09
8.54909e+08
4.77094e+08
8.69675e+08
5.99024e+08
2.075e+09
1.47498e+09
8.85978e+08
6.12295e+08
1.86979e+09
1.2448e+08
1.64412e+09
1.99621e+09
1.55536e+09
1.89634e+08
6.67628e+08
2.3361e+08
1.91193e+08
9.01395e+08
2.94687e+08
7.08677e+08
2.12602e+09
7.36309e+08
1.49731e+09
1.62337e+08
1.05128e+09
1.40895e+09
2.04543e+09
1.78949e+09
1.0476e+09
2.11631e+09
1.18181e+09
1.90251e+09
4.4592e+08
2.05149e+09
3.54046e+08
3.73436e+08
1.37899e+09
1.24002e+09
9.8573e+08
1.10129e+09
1.3645e+09
4.82371e+08
9.50023e+08
7.72376e+08
6.72005e+08
1.61765e+09
1.00599e+09
8.63198e+08
3.71562e+08
1.30067e+09
1.57188e+09
3.50097e+08
2.03698e+09
9.21706e+08
5.12434e+08
9.40775e+08
1.83169e+08
4.10378e+08
5.8278e+08
1.23077e+09
3.79205e+08
1.76459e+09
9.85787e+08
8.25126e+08
1.66859e+09
1.33983e+09
1.19856e+09
9.00096e+08
4.32373e+08
3.68078e+07
2.00139e+09
1.79688e+09
5.19179e+08
8.0393e+08
4.21769e+08
1.19118e+09
2.74097e+08
1.42776e+09
2.05438e+09
6.45659e+08
5.80944e+08
1.47877e+09
9.95756e+08
4.70442e+08
2.52995e+08
1.50819e+09
1.41122e+09
4.36164e+08
1.91857e+09
1.994e+09
1.66693e+09
1.5029e+08
1.6111e+09
5.05233e+08
9.75415e+08
1.13221e+09
1.84507e+09
2.64928e+07
2.03231e+09
1.29955e+08
6.33006e+07
1.88622e+09
1.92683e+09
5.82479e+08
5.42665e+08
2.01118e+08
1.77366e+09
8.16762e+08
1.62887e+09
1.68056e+09
1.46242e+09
6.2333e+07
1.01185e+09
3.10694e+08
5.32775e+08
1.26484e+09
1.81888e+09
1.94399e+09
1.70101e+09
1.58997e+09
1.7905e+09
1.22046e+09
1.74026e+09
1.25413e+09
1.72569e+09
5.6819e+08
2.38857e+08
1.42327e+09
5.94683e+08
1.23684e+08
1.55322e+09
6.57983e+08
2.0099e+09
1.33257e+09
1.24046e+09
4.05083e+08
1.53369e+09
8.66642e+08
1.22184e+09
1.01508e+09
3.99719e+08
5.36782e+08
1.07741e+09
1.41157e+09
8.47476e+08
1.61019e+09
5.2893e+08
5.18876e+08
1.40669e+09
8.24555e+07
2.10884e+09
1.04972e+09
1.30291e+09
1.70162e+09
1.56357e+08
8.81115e+08
1.22324e+08
3.95214e+08
1.56901e+08
7.17007e+08
5.18897e+08
1.71013e+09
1.37499e+09
3.81315e+08
8.95215e+08
4.67969e+08
7.86398e+08
2.81421e+08
1.33461e+09
2.00824e+09
1.2965e+09
1.73433e+09
3.97541e+08
2.26428e+08
9.98415e+08
1.24502e+09
1.83662e+09
1.52734e+09
1.76389e+09
1.09583e+09
1.6098e+09
1.72525e+09
2.14554e+09
7.65227e+08
1.27939e+09
1.54415e+08
1.64634e+09
1.40171e+09
5.49628e+08
1.80324e+09
2.11872e+09
1.06853e+09
1.36589e+09
1.34622e+09
1.44984e+09
1.13616e+08
1.81419e+09
8.87552e+07
3.95037e+08
1.00132e+09
2.097e+09
1.69154e+09
5.88168e+08
3.47055e+08
1.91797e+09
1.58658e+09
1.59207e+09
1.6071e+09
9.66444e+08
1.20848e+09
5.55439e+08
4.28761e+08
7.86248e+08
5.53497e+08
1.19399e+09
2.06563e+09
7.07911e+08
6.92846e+08
1.31986e+09
1.25754e+09
3.48606e+08
1.2911e+09
1.78581e+08
1.71449e+09
4.89838e+08
1.62842e+09
1.82811e+09
1.56548e+08
1.71718e+09
7.56609e+07
1.15787e+09
1.66669e+09
1.7672e+09
1.74604e+09
2.01375e+09
1.53768e+09
1.18514e+09
1.45833e+09
9.97293e+08
4.09736e+06
5.19329e+08
1.55273e+09
4.32858e+08
1.30558e+09
2.10623e+09
1.62685e+09
1.22373e+09
6.66657e+08
1.72209e+08
3.96105e+08
1.9242e+09
5.20815e+08
1.6872e+09
2.10278e+09
8.78226e+07
2.95555e+07
1.58372e+09
1.91593e+09
1.86104e+08
1.15341e+09
1.99159e+09
1.34397e+09
6.72617e+08
1.61131e+09
9.42528e+08
5.3888e+08
1.0015e+09
2.12766e+09
1.99721e+09
1.99879e+09
2.13176e+09
3.69058e+08
1.40404e+09
4.17136e+08
1.67463e+09
1.36279e+09
2.04398e+09
7.50878e+08
2.02944e+09
6.87075e+07
1.14698e+09
1.80616e+09
5.89522e+08
6.86701e+08
1.76145e+09
6.77345e+08
7.16256e+08
1.19768e+09
4.45791e+08
9.0236e+08
2.0361e+08
2.89899e+08
9.88501e+07
8.76227e+08
1.9012e+09
1.04138e+09
1.41511e+09
7.55222e+08
1.02156e+09
1.26484e+09
6.06532e+08
1.00584e+09
1.63389e+09
2.01058e+09
1.42297e+09
1.16105e+09
1.22588e+09
1.31947e+09
1.91192e+09
1.10784e+09
1.38818e+09
9.11423e+08
7.66515e+08
1.9777e+09
1.59812e+09
3.80483e+08
5.07564e+08
1.66897e+08
1.57817e+09
9.53355e+08
1.06926e+09
1.78178e+09
1.24325e+09
1.16811e+09
5.1052e+08
9.96975e+08
6.2001e+07
1.92563e+09
1.7522e+09
1.08356e+09
1.04298e+09
2.11246e+08
2.0894e+09
5.29391e+08
7.43372e+07
1.36489e+09
1.69044e+09
1.30022e+09
5.36877e+08
1.45488e+09
2.60574e+08
1.92506e+09
2.18816e+08
1.02709e+09
1.75528e+09
1.81694e+09
1.40757e+09
1.15356e+08
1.98384e+09
8.38255e+08
1.06871e+09
9.0561e+08
4.72548e+08
1.64482e+08
2.07372e+09
9.83068e+08
1.16146e+09
2.13572e+09
7.61212e+08
7.6617e+08
1.07179e+09
1.80419e+09
9.77416e+08
1.01371e+09
1.861e+08
1.05175e+09
2.31112e+08
1.87654e+09
2.04486e+08
7.67988e+08
1.18393e+09
4.6506e+08
5.45562e+08
1.40275e+09
1.49215e+09
1.53354e+08
1.0722e+09
7.52238e+08
2.6871e+08
9.08555e+08
1.59049e+09
1.33742e+09
1.81417e+09
2.06304e+09
1.5019e+09
1.7404e+09
8.98625e+08
5.15877e+08
1.72863e+09
1.65984e+09
1.28205e+09
6.52943e+08
1.31655e+09
1.11979e+08
1.66665e+09
1.50265e+09
1.16373e+09
1.89776e+09
1.2317e+09
1.36822e+09
5.18267e+08
2.68147e+08
1.83328e+09
1.06383e+09
1.67089e+09
1.17794e+09
1.21718e+09
5.95612e+08
1.93018e+09
1.48589e+09
1.50417e+09
1.37319e+09
6.75831e+08
1.17085e+09
1.28875e+09
3.02507e+07
7.63764e+08
3.98898e+07
5.46128e+08
3.44912e+08
1.69973e+09
1.82818e+09
9.97855e+08
8.68791e+08
1.94015e+09
5.17022e+08
2.23954e+08
9.56403e+08
2.673e+08
1.45565e+09
1.77139e+08
7.85567e+08
1.7238e+09
2.01042e+09
1.8494e+09
1.24721e+09
1.04088e+09
9.19095e+08
1.84282e+09
8.23578e+08
2.57504e+08
1.19951e+09
4.92856e+07
9.33334e+08
2.22873e+08
1.33803e+09
9.63585e+08
9.86637e+08
1.37792e+09
1.50971e+09
1.33155e+09
9.30167e+08
1.1904e+09
1.8192e+08
1.79896e+09
9.83075e+08
6.98942e+08
2.02291e+09
1.93948e+09
9.66242e+08
1.33108e+09
2.11662e+09
1.75181e+09
9.07401e+08
1.97955e+09
1.45372e+09
7.12868e+06
8.72947e+08
2.25333e+08
1.84995e+09
1.69652e+09
4.82837e+08
9.01976e+08
1.74581e+09
1.41617e+09
1.12485e+09
9.3636e+08
2.32273e+08
2.11149e+09
1.668e+08
1.74199e+09
1.29555e+09
1.09697e+09
7.84906e+08
1.47747e+09
7.48442e+08
1.76798e+09
2.89296e+07
6.23871e+08
1.55998e+09
9.95172e+08
1.95495e+09
1.52911e+09
5.99497e+08
7.14871e+08
1.36118e+09
2.05322e+09
7.22e+08
8.66413e+07
1.31068e+08
4.24468e+08
1.78317e+09
6.13905e+08
1.32644e+09
1.38149e+09
2.03008e+09
3.0381e+08
1.70369e+08
1.14866e+08
2.67812e+08
3.37169e+08
1.85685e+09
1.56336e+09
1.43414e+09
4.94274e+08
8.93351e+08
3.50957e+07
1.14772e+08
9.2228e+08
6.58966e+08
1.67475e+09
1.91745e+09
4.66436e+08
1.05638e+09
3.69466e+08
1.18131e+09
2.70071e+08
2.75201e+08
1.90331e+09
3.56712e+08
4.0627e+08
1.80291e+08
2.13988e+09
1.02017e+09
1.50674e+09
1.37389e+09
9.02768e+08
1.81054e+09
1.54426e+09
1.01763e+09
2.07836e+09
1.88143e+09
7.27001e+08
1.49424e+09
1.16808e+09
1.22128e+09
2.40103e+08
1.20317e+09
1.33605e+09
1.16238e+09
1.86214e+09
8.63313e+08
9.32352e+08
1.81094e+08
1.91969e+09
1.30182e+09
1.3624e+09
4.2277e+07
1.57702e+09
1.11822e+09
3.98989e+08
1.98329e+09
1.29851e+09
3.91384e+08
8.5598e+08
6.57766e+08
1.76527e+09
1.75875e+09
3.20827e+08
1.16204e+09
6.28897e+08
2.517e+08
8.95986e+08
1.3559e+09
1.74594e+09
2.06406e+09
4.29689e+08
1.98604e+09
1.11976e+09
1.76574e+09
1.00094e+09
8.34413e+08
4.81566e+08
1.93329e+09
1.01551e+09
2.53772e+08
1.08763e+09
2.30424e+08
2.9605e+08
5.17161e+08
1.34865e+09
6.95039e+08
3.52966e+08
4.99678e+08
1.08642e+09
1.20895e+09
1.15744e+09
7.0421e+08
8.20209e+08
1.47827e+09
1.86625e+09
1.44911e+09
1.72997e+09
6.14756e+08
6.5752e+08
1.32842e+09
5.31337e+08
1.08721e+09
1.16698e+09
1.65109e+09
7.05462e+08
2.04351e+07
3.38022e+08
1.18703e+09
1.95373e+09
1.35353e+09
1.4408e+09
8.93868e+08
1.58395e+09
1.73685e+09
1.41103e+09
7.85117e+08
2.84406e+08
1.76399e+09
1.28479e+09
1.37083e+09
8.25457e+08
2.94755e+08
2.07504e+09
1.64567e+09
1.77303e+09
1.79381e+09
9.47288e+08
1.35551e+09
2.61081e+08
1.60481e+09
5.36454e+08
7.92418e+08
5.44534e+08
1.70343e+09
2.96027e+08
1.25e+09
1.72387e+09
6.34049e+08
2.89542e+08
1.53011e+09
1.98758e+09
1.73034e+09
2.76495e+08
1.42405e+09
1.31971e+09
1.68752e+09
6.16808e+07
1.60412e+09
1.30404e+09
1.34648e+09
8.27462e+08
2.12949e+09
1.64123e+09
7.55017e+08
1.62767e+09
1.26677e+09
4.01343e+08
4.27478e+08
4.74802e+08
6.62424e+08
2.03229e+09
1.01126e+09
1.45484e+09
4.29336e+08
5.67206e+08
1.75087e+09
1.67933e+09
1.43591e+08
2.37435e+08
1.96887e+09
1.6737e+09
7.75299e+07
1.55173e+09
1.9502e+09
1.50158e+09
7.2396e+08
1.49024e+09
1.56326e+09
1.80593e+08
6.4679e+08
7.6225e+08
1.00805e+09
6.28798e+08
2.55997e+08
1.76307e+09
1.08988e+08
1.52277e+09
1.69307e+07
5.36466e+08
1.99757e+09
6.79355e+08
4.21268e+08
8.61344e+08
2.1342e+09
8.50604e+08
1.42855e+09
1.73758e+09
3.82453e+08
1.57214e+09
1.97502e+09
2.03843e+08
1.09836e+09
2.05255e+09
1.75558e+09
9.01074e+08
1.40664e+09
3.32053e+08
2.43828e+08
8.22417e+08
5.12645e+08
8.90618e+08
1.58467e+09
1.5207e+09
1.51942e+09
1.84066e+09
1.13629e+09
1.6284e+09
1.21595e+09
1.15322e+09
1.73847e+07
1.06604e+09
1.83257e+09
4.38653e+08
1.92738e+09
1.81929e+09
1.28926e+09
1.20845e+09
1.40939e+09
1.67171e+09
6.33107e+08
1.23692e+09
1.87555e+09
1.73147e+09
1.14198e+09
1.48365e+09
4.85056e+08
4.0114e+08
1.8157e+09
7.28884e+08
1.22356e+09
1.8086e+08
1.6195e+09
6.6074e+08
1.70156e+09
9.91433e+08
3.5392e+08
6.90364e+08
4.72352e+08
1.56987e+09
1.84358e+09
4.89737e+08
4.88424e+08
1.52867e+09
9.2839e+08
2.68323e+08
1.20047e+09
7.01629e+07
1.47677e+09
4.62376e+08
1.74187e+09
2.10988e+09
1.69929e+09
1.46994e+09
1.69386e+09
6.93794e+08
8.06105e+08
3.14332e+07
1.09493e+09
4.7432e+08
7.60317e+08
1.71007e+08
6.5518e+08
2.32335e+08
8.31747e+08
2.09257e+08
1.22377e+09
1.18567e+09
8.99621e+08
1.69612e+09
6.08054e+08
5.9572e+08
3.83739e+07
1.09648e+09
2.12439e+09
9.66764e+08
1.3648e+09
1.17738e+09
1.03693e+09
6.94089e+08
1.63976e+09
6.31316e+08
6.56483e+08
1.19157e+09
2.10126e+09
2.0286e+08
1.88536e+09
7.59879e+08
2.34293e+08
8.32814e+08
1.2342e+09
9.94611e+08
1.00382e+09
1.88938e+09
1.22695e+09
1.83557e+09
2.09864e+09
3.03231e+08
8.73752e+08
8.50773e+08
1.99935e+09
1.48181e+09
1.44649e+09
2.03773e+09
4.308e+08
1.4234e+09
8.57005e+08
1.7956e+09
4.53301e+08
1.89393e+09
3.42206e+08
2.09306e+09
3.77764e+08
9.98689e+08
1.13715e+09
3.31538e+08
1.20155e+09
8.75025e+08
1.09142e+09
1.43584e+09
1.70784e+09
1.78132e+08
2.82969e+08
5.64176e+08
2.06751e+09
1.50992e+09
2.5226e+08
2.01866e+09
1.81315e+09
1.12601e+09
7.21953e+08
1.66501e+09
4.60334e+08
2.0963e+07
1.55526e+09
8.91134e+08
1.44436e+09
2.64777e+08
5.39252e+08
1.89766e+09
1.12246e+07
8.81458e+08
1.84324e+09
3.88988e+08
1.88015e+09
8.32902e+08
7.20526e+08
9.34212e+08
1.70793e+09
1.81194e+09
2.22571e+08
1.26828e+09
1.99008e+09
5.0554e+08
1.83246e+09
1.9101e+09
2.01546e+09
2.08472e+09
1.78128e+09
1.68112e+09
1.06325e+09
3.55753e+08
1.19865e+09
1.52358e+09
3.76716e+08
6.06419e+08
2.67232e+08
1.82108e+09
8.71195e+08
8.06483e+08
1.57126e+09
8.8242e+08
1.68794e+09
1.26702e+09
